   1.0000000000000000        3.3238792007299200        2.0000000000000000               12
  0.26000000000000001        7.1132799079800114E-007  0.91787590838651234       0.79890549932267552     
  0.41999999999999998        7.7084175481182374E-007  0.98154338779416050       0.79618447753788524     
  0.60999999999999999        7.5283838509143967E-007  0.99156431498929332       0.78394665887244575     
  0.84999999999999998        6.7692255627184126E-007  0.99469613573182292       0.75278012681629203     
   1.3200000000000001        9.7553568566771880E-007  0.98967242585645920       0.75115253441202623     
   2.0200000000000000        9.7533608356880224E-007  0.99490346236406257       0.77993118103173165     
   2.5000000000000000        7.8365463439268075E-007  0.99020661840086910       0.64106751218508717     
   3.5000000000000000        9.1230723061677456E-007  0.98136859934918286       0.61440559152395768     
   4.4000000000000004        1.3131105444317720E-006  0.97808577368070204       0.72499286276294939     
   8.6999999999999993        6.1356058314658508E-007  0.32805072211413494       0.75598064281402366     
   20.000000000000000        6.1997713909583179E-007  0.27990074983730157       0.10317820374706070     
   324.68000000000001        8.2426822757949082E-010   5.2796931305290062E-003   2.2521414543318809E-004
