          51          21   2.0000000000000000     
   1.0000000000000000E-003   1.2589254117941675E-003   1.5848931924611141E-003   1.9952623149688789E-003   2.5118864315095794E-003   3.1622776601683794E-003   3.9810717055349734E-003   5.0118723362727246E-003   6.3095734448019303E-003   7.9432823472428138E-003   1.0000000000000000E-002   1.2589254117941675E-002   1.5848931924611141E-002   1.9952623149688799E-002   2.5118864315095808E-002   3.1622776601683791E-002   3.9810717055349734E-002   5.0118723362727248E-002   6.3095734448019331E-002   7.9432823472428180E-002  0.10000000000000001       0.12589254117941676       0.15848931924611143       0.19952623149688808       0.25118864315095824       0.31622776601683794       0.39810717055349731       0.50118723362727247       0.63095734448019358       0.79432823472428216        1.0000000000000000        1.2589254117941675        1.5848931924611140        1.9952623149688808        2.5118864315095824        3.1622776601683795        3.9810717055349731        5.0118723362727247        6.3095734448019360        7.9432823472428211        10.000000000000000        12.589254117941687        15.848931924611142        19.952623149688787        25.118864315095820        31.622776601683793        39.810717055349777        50.118723362727252        63.095734448019428        79.432823472428211        100.00000000000000     
   3.3238792007299202E-003   4.1845159915329831E-003   5.2679935177999395E-003   6.6320109087252875E-003   8.3492070642903916E-003   1.0511028941566554E-002   1.3232601438642086E-002   1.6658858215250580E-002   2.0972259938654970E-002   2.6402510979525527E-002   3.3238792007299199E-002   4.1845159915329826E-002   5.2679935177999390E-002   6.6320109087252901E-002   8.3492070642903968E-002  0.10511028941566554       0.13232601438642086       0.16658858215250583       0.20972259938654977       0.26402510979525540       0.33238792007299200       0.41845159915329833       0.52679935177999393       0.66320109087252932       0.83492070642904015        1.0511028941566554        1.3232601438642086        1.6658858215250580        2.0972259938654987        2.6402510979525551        3.3238792007299200        4.1845159915329830        5.2679935177999395        6.6320109087252934        8.3492070642904022        10.511028941566556        13.232601438642087        16.658858215250582        20.972259938654986        26.402510979525552        33.238792007299203        41.845159915329866        52.679935177999397        66.320109087252860        83.492070642904011        105.11028941566555        132.32601438642101        166.58858215250584        209.72259938655009        264.02510979525550        332.38792007299202     
   200.00000000000000        290.00000000000000        380.00000000000000        470.00000000000000        560.00000000000000        650.00000000000000        740.00000000000000        830.00000000000000        920.00000000000000        1010.0000000000000        1100.0000000000000        1190.0000000000000        1280.0000000000000        1370.0000000000000        1460.0000000000000        1550.0000000000000        1640.0000000000000        1730.0000000000000        1820.0000000000000        1910.0000000000000        2000.0000000000000     
   2.12732894E-16   2.61356622E-16   2.56632269E-16   2.26163832E-16   1.90269342E-16   1.57366797E-16   1.29741466E-16   1.07327962E-16   8.93569467E-17   7.49680142E-17   6.34047638E-17   5.40552240E-17   4.64408511E-17   4.01924247E-17   3.50260167E-17   3.07229041E-17   2.71137960E-17   2.40668696E-17   2.14787670E-17   1.92678704E-17   1.73692609E-17
   4.24458295E-16   5.21475622E-16   5.12049363E-16   4.51256856E-16   3.79637891E-16   3.13988681E-16   2.58868886E-16   2.14148127E-16   1.78291356E-16   1.49581836E-16   1.26510353E-16   1.07855888E-16   9.26636310E-17   8.01968942E-17   6.98891980E-17   6.13041353E-17   5.41039516E-17   4.80256365E-17   4.28629873E-17   3.84531749E-17   3.46666895E-17
   8.46906845E-16   1.04048257E-15   1.02167505E-15   9.00378023E-16   7.57479277E-16   6.26491879E-16   5.16513491E-16   4.27284129E-16   3.55740921E-16   2.98458597E-16   2.52425930E-16   2.15206667E-16   1.84895791E-16   1.60023463E-16   1.39459462E-16   1.22333117E-16   1.07970562E-16   9.58471183E-17   8.55514262E-17   7.67586815E-17   6.92105724E-17
   1.68980511E-15   2.07604197E-15   2.03851671E-15   1.79649738E-15   1.51137666E-15   1.25002253E-15   1.03058742E-15   8.52552585E-16   7.09807098E-16   5.95516731E-16   5.03673425E-16   4.29416429E-16   3.68944920E-16   3.19326445E-16   2.78306069E-16   2.44146871E-16   2.15504571E-16   1.91332606E-16   1.70810480E-16   1.53290477E-16   1.38257535E-16
   3.37161634E-15   4.14226767E-15   4.06739800E-15   3.58450579E-15   3.01561517E-15   2.49414590E-15   2.05631817E-15   1.70109722E-15   1.41629065E-15   1.18826313E-15   1.00502767E-15   8.56886429E-16   7.36256549E-16   6.37287843E-16   5.55482195E-16   4.87374817E-16   4.30284770E-16   3.82124938E-16   3.41259489E-16   3.06397334E-16   2.76512159E-16
   6.72729703E-15   8.26497311E-15   8.11559800E-15   7.15210226E-15   6.01701670E-15   4.97655446E-15   4.10298567E-15   3.39424864E-15   2.82601870E-15   2.37109171E-15   2.00555316E-15   1.71005639E-15   1.46947458E-15   1.27213867E-15   1.10907720E-15   9.73381358E-16   8.59706042E-16   7.63891634E-16   6.82679121E-16   6.13497546E-16   5.54304713E-16
   1.34228447E-14   1.64909878E-14   1.61929745E-14   1.42705553E-14   1.20057713E-14   9.92980197E-15   8.18685889E-15   6.77283479E-15   5.63920486E-15   4.73169926E-15   4.00261269E-15   3.41335474E-15   2.93375621E-15   2.54054806E-15   2.21584497E-15   1.94587799E-15   1.71999950E-15   1.52992827E-15   1.36918133E-15   1.23264967E-15   1.11628037E-15
   2.67824872E-14   3.29044788E-14   3.23099634E-14   2.84742661E-14   2.39554809E-14   1.98135033E-14   1.63361112E-14   1.35151434E-14   1.12538144E-14   9.44388034E-15   7.99019816E-15   6.81581578E-15   5.86058962E-15   5.07814548E-15   4.43285841E-15   3.89731972E-15   3.45035292E-15   3.07550845E-15   2.75992896E-15   2.49350343E-15   2.26823247E-15
   5.34393527E-14   6.56550755E-14   6.44692091E-14   5.68161444E-14   4.78002410E-14   3.95364656E-14   3.25991472E-14   2.69721379E-14   2.24624616E-14   1.88542944E-14   1.59579686E-14   1.36201314E-14   1.17209836E-14   1.01682189E-14   8.89099314E-15   7.83487519E-15   6.95788862E-15   6.22750524E-15   5.61838224E-15   5.11067663E-15   4.68877756E-15
   1.06629610E-13   1.31005517E-13   1.28640561E-13   1.13371396E-13   9.53835264E-14   7.88975208E-14   6.50598688E-14   5.38388609E-14   4.48500151E-14   3.76633132E-14   3.19009989E-14   2.72578353E-14   2.34956013E-14   2.04310073E-14   1.79236576E-14   1.58659740E-14   1.41753064E-14   1.27879224E-14   1.16545093E-14   1.07367957E-14   1.00050380E-14
   2.12767222E-13   2.61410902E-13   2.56696194E-13   2.26233271E-13   1.90348131E-13   1.57464346E-13   1.29871510E-13   1.07508403E-13   8.96100820E-14   7.53210021E-14   6.38901299E-14   5.47114268E-14   4.73128447E-14   4.13322127E-14   3.64932422E-14   3.25854083E-14   2.94482049E-14   2.69591834E-14   2.50249599E-14   2.35744889E-14   2.25540462E-14
   4.24568258E-13   5.21648913E-13   5.12255982E-13   4.51487534E-13   3.79910404E-13   3.14340784E-13   2.59354848E-13   2.14838564E-13   1.79274483E-13   1.50965354E-13   1.28423558E-13   1.10451849E-13   9.61214479E-14   8.47239691E-14   7.57235054E-14   6.87165372E-14   6.34005313E-14   5.95500415E-14   5.69988121E-14   5.56263680E-14   5.53479924E-14
   8.47258624E-13   1.04103672E-12   1.02234605E-12   9.01151441E-13   7.58434006E-13   6.27779133E-13   5.18348168E-13   4.29945494E-13   3.59578822E-13   3.03901056E-13   2.59987615E-13   2.25497721E-13   1.98630852E-13   1.78030645E-13   1.62689456E-13   1.51868345E-13   1.45034334E-13   1.41812790E-13   1.41951582E-13   1.45294218E-13   1.51759763E-13
   1.69091293E-12   2.07781362E-12   2.04070745E-12   1.79911793E-12   1.51476607E-12   1.25478664E-12   1.03757790E-12   8.62877424E-13   7.24856535E-13   6.16994791E-13   5.33632166E-13   4.70291124E-13   4.23589386E-13   3.91048332E-13   3.70901904E-13   3.61936501E-13   3.63364774E-13   3.74729517E-13   3.95830666E-13   4.26670120E-13   4.67409585E-13
   3.37506455E-12   4.14793937E-12   4.07459613E-12   3.59348857E-12   3.02781042E-12   2.51197956E-12   2.08317391E-12   1.74137983E-12   1.47553486E-12   1.27326242E-12   1.12396897E-12   1.01948549E-12   9.53889962E-13   9.23120629E-13   9.24586796E-13   9.56841052E-13   1.01931712E-12   1.11212678E-12   1.23590157E-12   1.39167107E-12   1.58076666E-12
   6.73800295E-12   8.28318664E-12   8.13943791E-12   7.18328218E-12   6.06147858E-12   5.04401295E-12   4.20691173E-12   3.55217678E-12   3.05999692E-12   2.70817656E-12   2.47830250E-12   2.35699090E-12   2.33549096E-12   2.40885697E-12   2.57511417E-12   2.83454011E-12   3.18908441E-12   3.64191143E-12   4.19704636E-12   4.85910357E-12   5.63308298E-12
   1.34562986E-11   1.65497754E-11   1.62726898E-11   1.43802427E-11   1.21699491E-11   1.01873822E-11   8.59149904E-12   7.39426749E-12   6.56489923E-12   6.06850117E-12   5.87814910E-12   5.97709209E-12   6.35765485E-12   7.01930094E-12   7.96674185E-12   9.20835283E-12   1.07549481E-11   1.26188573E-11   1.48132531E-11   1.73516635E-11   2.02475970E-11
   2.68881237E-11   3.30954396E-11   3.25793871E-11   2.88654569E-11   2.45689163E-11   2.08047763E-11   1.79181357E-11   1.59627155E-11   1.49081320E-11   1.47157356E-11   1.53613008E-11   1.68382426E-11   1.91546987E-11   2.23293953E-11   2.63879717E-11   3.13600569E-11   3.72770460E-11   4.41703896E-11   5.20701850E-11   6.10040490E-11   7.09961395E-11
   5.37766637E-11   6.62798774E-11   6.53905749E-11   5.82301568E-11   5.01153528E-11   4.33697453E-11   3.87819672E-11   3.65573925E-11   3.67261846E-11   3.92898596E-11   4.42643318E-11   5.16864294E-11   6.16092455E-11   7.40949802E-11   8.92078425E-11   1.07007618E-10   1.27544322E-10   1.50853913E-10   1.76955270E-10   2.05848394E-10   2.37513592E-10
   1.07715184E-10   1.33065378E-10   1.31830200E-10   1.18544077E-10   1.04173489E-10   9.36927758E-11   8.89780472E-11   9.06894559E-11   9.90779750E-11   1.14281348E-10   1.36416448E-10   1.65595024E-10   2.01912251E-10   2.45428122E-10   2.96150854E-10   3.54025725E-10   4.18930252E-10   4.90674890E-10   5.69007952E-10   6.53623156E-10   7.44168338E-10
   2.16279356E-10   2.68256223E-10   2.67868117E-10   2.45302251E-10   2.23630017E-10   2.13733059E-10   2.20037974E-10   2.44299025E-10   2.87249585E-10   3.49205775E-10   4.30237512E-10   5.30187394E-10   6.48656684E-10   7.85002396E-10   9.38354172E-10   1.10764731E-09   1.29166244E-09   1.48906887E-09   1.69846304E-09   1.91840366E-09   2.14744134E-09
   4.35991854E-10   5.44580658E-10   5.51721391E-10   5.21643284E-10   5.03694364E-10   5.21621246E-10   5.85261561E-10   6.98284430E-10   8.61481053E-10   1.07395615E-09   1.33358424E-09   1.63727742E-09   1.98122430E-09   2.36111908E-09   2.77236811E-09   3.21026250E-09   3.67011554E-09   4.14736645E-09   4.63765337E-09   5.13686960E-09   5.64119507E-09
   8.84601115E-10   1.11834086E-09   1.16174392E-09   1.15461340E-09   1.20276533E-09   1.35632305E-09   1.63385250E-09   2.03805683E-09   2.56303023E-09   3.19786087E-09   3.92880128E-09   4.74074113E-09   5.61822411E-09   6.54613608E-09   7.51015339E-09   8.49701909E-09   9.49470103E-09   1.04924682E-08   1.14809104E-08   1.24519177E-08   1.33986333E-08
   1.81347015E-09   2.33851227E-09   2.52558308E-09   2.68253109E-09   3.03210701E-09   3.66827324E-09   4.60794558E-09   5.82851101E-09   7.28873228E-09   8.94024943E-09   1.07339018E-08   1.26231336E-08   1.45657397E-08   1.65246661E-08   1.84682580E-08   2.03701891E-08   2.22091927E-08   2.39686759E-08   2.56362576E-08   2.72032903E-08   2.86643473E-08
   3.77744191E-09   5.01684871E-09   5.70632386E-09   6.52020349E-09   7.89223620E-09   9.94173011E-09   1.26129560E-08   1.57773634E-08   1.92872918E-08   2.30011850E-08   2.67944174E-08   3.05631289E-08   3.42246516E-08   3.77162728E-08   4.09931431E-08   4.40258425E-08   4.67978367E-08   4.93030292E-08   5.15434913E-08   5.35274296E-08   5.52674670E-08
   8.04867817E-09   1.10981384E-08   1.33670879E-08   1.62629306E-08   2.04772892E-08   2.59906887E-08   3.24697993E-08   3.95082900E-08   4.67323567E-08   5.38383702E-08   6.06003212E-08   6.68642670E-08   7.25375884E-08   7.75767646E-08   8.19754860E-08   8.57540954E-08   8.89507348E-08   9.16141971E-08   9.37985618E-08   9.55592299E-08   9.69501812E-08
   1.76333561E-08   2.52609365E-08   3.19502860E-08   4.03230942E-08   5.11113107E-08   6.36934914E-08   7.70644419E-08   9.03058819E-08   1.02739108E-07   1.13937936E-07   1.23688949E-07   1.31937824E-07   1.38737988E-07   1.44208201E-07   1.48500547E-07   1.51777940E-07   1.54199697E-07   1.55912986E-07   1.57048632E-07   1.57719697E-07   1.58021820E-07
   3.96884872E-08   5.83826001E-08   7.58065326E-08   9.61838040E-08   1.19505060E-07   1.43701030E-07   1.66684742E-07   1.87061715E-07   2.04170078E-07   2.17898958E-07   2.28478982E-07   2.36313156E-07   2.41861102E-07   2.45569993E-07   2.47839097E-07   2.49006177E-07   2.49346613E-07   2.49079136E-07   2.48373908E-07   2.47361299E-07   2.46139933E-07
   9.07998512E-08   1.33820265E-07   1.73323969E-07   2.15236014E-07   2.57310518E-07   2.95397342E-07   3.26879331E-07   3.51033293E-07   3.68390204E-07   3.80060499E-07   3.87282938E-07   3.91189360E-07   3.92714071E-07   3.92582308E-07   3.91334794E-07   3.89363151E-07   3.86945061E-07   3.84273790E-07   3.81481897E-07   3.78658541E-07   3.75862612E-07
   2.06760248E-07   2.96199090E-07   3.72955100E-07   4.44466679E-07   5.05511707E-07   5.51889343E-07   5.83566987E-07   6.03014996E-07   6.13368229E-07   6.17444584E-07   6.17425712E-07   6.14866792E-07   6.10820905E-07   6.05976538E-07   6.00771557E-07   5.95477331E-07   5.90257287E-07   5.85205726E-07   5.80373239E-07   5.75783304E-07   5.71442797E-07
   4.57013584E-07   6.20173580E-07   7.44393219E-07   8.40925054E-07   9.07088349E-07   9.45896943E-07   9.64463879E-07   9.69876169E-07   9.67489427E-07   9.60843863E-07   9.52108110E-07   9.42545569E-07   9.32863315E-07   9.23439245E-07   9.14461282E-07   9.06010143E-07   8.98107089E-07   8.90741489E-07   8.83886571E-07   8.77508285E-07   8.71570307E-07
   9.59970862E-07   1.21179050E-06   1.36920039E-06   1.46243167E-06   1.50676192E-06   1.51958375E-06   1.51498909E-06   1.50194069E-06   1.48543745E-06   1.46805564E-06   1.45104036E-06   1.43494424E-06   1.41997134E-06   1.40615532E-06   1.39345036E-06   1.38177700E-06   1.37104450E-06   1.36116284E-06   1.35204675E-06   1.34361846E-06   1.33580818E-06
   1.88976230E-06   2.19719868E-06   2.33256742E-06   2.37768290E-06   2.37587869E-06   2.35340872E-06   2.32377988E-06   2.29309376E-06   2.26382713E-06   2.23683014E-06   2.21226082E-06   2.19000094E-06   2.16983699E-06   2.15153636E-06   2.13487851E-06   2.11966585E-06   2.10572512E-06   2.09290715E-06   2.08108304E-06   2.07014227E-06   2.05998936E-06
   3.46548927E-06   3.71653823E-06   3.75027480E-06   3.71316059E-06   3.65695814E-06   3.59973865E-06   3.54693748E-06   3.49967218E-06   3.45770968E-06   3.42045837E-06   3.38728705E-06   3.35762115E-06   3.33096523E-06   3.30689954E-06   3.28507235E-06   3.26518807E-06   3.24699863E-06   3.23029462E-06   3.21489870E-06   3.20066010E-06   3.18744969E-06
   5.94057656E-06   5.96915152E-06   5.84322606E-06   5.71347073E-06   5.60265107E-06   5.50984169E-06   5.43133910E-06   5.36406742E-06   5.30576108E-06   5.25474661E-06   5.20975163E-06   5.16978434E-06   5.13405621E-06   5.10193149E-06   5.07288951E-06   5.04650370E-06   5.02241846E-06   5.00033866E-06   4.98001555E-06   4.96124085E-06   4.94383630E-06
   9.63858292E-06   9.31037903E-06   9.00633404E-06   8.78161791E-06   8.61185526E-06   8.47760202E-06   8.36748586E-06   8.27480108E-06   8.19532761E-06   8.12623148E-06   8.06550179E-06   8.01164606E-06   7.96352560E-06   7.92024639E-06   7.88109446E-06   7.84549229E-06   7.81296603E-06   7.78312187E-06   7.75563421E-06   7.73022475E-06   7.70666065E-06
   1.51074901E-05   1.43537100E-05   1.38577443E-05   1.35235896E-05   1.32803680E-05   1.30917833E-05   1.29390528E-05   1.28116644E-05   1.27032008E-05   1.26094310E-05   1.25273909E-05   1.24549060E-05   1.23903237E-05   1.23323616E-05   1.22800011E-05   1.22324236E-05   1.21889643E-05   1.21490775E-05   1.21123103E-05   1.20782870E-05   1.20466902E-05
   2.32914499E-05   2.20696966E-05   2.13478379E-05   2.08756028E-05   2.05366614E-05   2.02761803E-05   2.00663417E-05   1.98917605E-05   1.97431928E-05   1.96146793E-05   1.95021403E-05   1.94026434E-05   1.93139858E-05   1.92344651E-05   1.91627241E-05   1.90976625E-05   1.90383780E-05   1.89841176E-05   1.89342500E-05   1.88882459E-05   1.88456488E-05
   3.57625795E-05   3.39948929E-05   3.29849609E-05   3.23283748E-05   3.18584935E-05   3.14987083E-05   3.12102384E-05   3.09714669E-05   3.07692389E-05   3.05949543E-05   3.04426831E-05   3.03081615E-05   3.01882192E-05   3.00804422E-05   2.99829517E-05   2.98942578E-05   2.98131617E-05   2.97386887E-05   2.96700273E-05   2.96065027E-05   2.95475438E-05
   5.49754586E-05   5.25138748E-05   5.11171020E-05   5.02082912E-05   4.95577806E-05   4.90600323E-05   4.86613790E-05   4.83318618E-05   4.80532653E-05   4.78137081E-05   4.76049754E-05   4.74211374E-05   4.72577558E-05   4.71114327E-05   4.69795050E-05   4.68598482E-05   4.67507525E-05   4.66508100E-05   4.65588600E-05   4.64739351E-05   4.63952201E-05
   8.47202173E-05   8.13480510E-05   7.94289663E-05   7.81765048E-05   7.72793865E-05   7.65935911E-05   7.60452676E-05   7.55928995E-05   7.52111591E-05   7.48834645E-05   7.45983562E-05   7.43475757E-05   7.41249460E-05   7.39257521E-05   7.37462979E-05   7.35836584E-05   7.34354544E-05   7.32997651E-05   7.31749751E-05   7.30597749E-05   7.29530220E-05
   1.30944420E-04   1.26347280E-04   1.23714650E-04   1.21989593E-04   1.20753008E-04   1.19809243E-04   1.19056698E-04   1.18437500E-04   1.17916010E-04   1.17468830E-04   1.17079857E-04   1.16737530E-04   1.16433344E-04   1.16160838E-04   1.15914998E-04   1.15691895E-04   1.15488365E-04   1.15301809E-04   1.15130126E-04   1.14971532E-04   1.14824536E-04
   2.03011397E-04   1.96730631E-04   1.93114567E-04   1.90737686E-04   1.89032100E-04   1.87730810E-04   1.86694131E-04   1.85842160E-04   1.85125624E-04   1.84512188E-04   1.83979573E-04   1.83511802E-04   1.83097000E-04   1.82726173E-04   1.82392294E-04   1.82089832E-04   1.81814336E-04   1.81562136E-04   1.81330266E-04   1.81116207E-04   1.80917879E-04
   3.15536396E-04   3.06966569E-04   3.02005792E-04   2.98734638E-04   2.96383922E-04   2.94589816E-04   2.93160934E-04   2.91987526E-04   2.91001692E-04   2.90158874E-04   2.89428252E-04   2.88787647E-04   2.88220530E-04   2.87714327E-04   2.87259230E-04   2.86847440E-04   2.86472728E-04   2.86130002E-04   2.85815069E-04   2.85524467E-04   2.85255344E-04
   4.91605722E-04   4.79895360E-04   4.73088410E-04   4.68591199E-04   4.65358928E-04   4.62894444E-04   4.60934592E-04   4.59327537E-04   4.57979040E-04   4.56827052E-04   4.55828675E-04   4.54953173E-04   4.54177702E-04   4.53484972E-04   4.52861626E-04   4.52297129E-04   4.51782980E-04   4.51312371E-04   4.50879685E-04   4.50480264E-04   4.50110208E-04
   7.67527032E-04   7.51513406E-04   7.42174336E-04   7.35993963E-04   7.31550681E-04   7.28164683E-04   7.25474325E-04   7.23270234E-04   7.21422199E-04   7.19844596E-04   7.18478463E-04   7.17281539E-04   7.16222683E-04   7.15278089E-04   7.14429480E-04   7.13662244E-04   7.12964626E-04   7.12327193E-04   7.11742032E-04   7.11202621E-04   7.10703433E-04
   1.20053475E-03   1.17862690E-03   1.16581819E-03   1.15732977E-03   1.15122437E-03   1.14657276E-03   1.14287867E-03   1.13985350E-03   1.13731704E-03   1.13515044E-03   1.13327149E-03   1.13162177E-03   1.13015820E-03   1.12884864E-03   1.12766819E-03   1.12659764E-03   1.12562161E-03   1.12472777E-03   1.12390576E-03   1.12314720E-03   1.12244487E-03
   1.88091001E-03   1.85093167E-03   1.83337252E-03   1.82172423E-03   1.81334419E-03   1.80696347E-03   1.80190441E-03   1.79777294E-03   1.79432344E-03   1.79139280E-03   1.78886694E-03   1.78666331E-03   1.78472023E-03   1.78299064E-03   1.78143790E-03   1.78003334E-03   1.77875417E-03   1.77758234E-03   1.77650305E-03   1.77550432E-03   1.77457649E-03
   2.95113120E-03   2.91011925E-03   2.88606551E-03   2.87009566E-03   2.85859965E-03   2.84983614E-03   2.84286961E-03   2.83715688E-03   2.83236150E-03   2.82826414E-03   2.82471441E-03   2.82160495E-03   2.81885592E-03   2.81640701E-03   2.81421049E-03   2.81222817E-03   2.81042978E-03   2.80878972E-03   2.80728750E-03   2.80590588E-03   2.80463020E-03
   4.63620434E-03   4.58012801E-03   4.54720203E-03   4.52531781E-03   4.50953981E-03   4.49749036E-03   4.48790239E-03   4.48004482E-03   4.47346456E-03   4.46786266E-03   4.46303142E-03   4.45881952E-03   4.45511285E-03   4.45182435E-03   4.44888510E-03   4.44624014E-03   4.44384525E-03   4.44166455E-03   4.43966920E-03   4.43783402E-03   4.43613948E-03
   7.29169045E-03   7.21503794E-03   7.17001688E-03   7.14013306E-03   7.11867027E-03   7.10237073E-03   7.08947238E-03   7.07894424E-03   7.07014557E-03   7.06265448E-03   7.05618178E-03   7.05052074E-03   7.04551907E-03   7.04106130E-03   7.03705754E-03   7.03343796E-03   7.03014573E-03   7.02713523E-03   7.02436920E-03   7.02181738E-03   7.01945275E-03
