          51          21   2.0000000000000000     
   1.0000000000000000E-003   1.2589254117941675E-003   1.5848931924611141E-003   1.9952623149688789E-003   2.5118864315095794E-003   3.1622776601683794E-003   3.9810717055349734E-003   5.0118723362727246E-003   6.3095734448019303E-003   7.9432823472428138E-003   1.0000000000000000E-002   1.2589254117941675E-002   1.5848931924611141E-002   1.9952623149688799E-002   2.5118864315095808E-002   3.1622776601683791E-002   3.9810717055349734E-002   5.0118723362727248E-002   6.3095734448019331E-002   7.9432823472428180E-002  0.10000000000000001       0.12589254117941676       0.15848931924611143       0.19952623149688808       0.25118864315095824       0.31622776601683794       0.39810717055349731       0.50118723362727247       0.63095734448019358       0.79432823472428216        1.0000000000000000        1.2589254117941675        1.5848931924611140        1.9952623149688808        2.5118864315095824        3.1622776601683795        3.9810717055349731        5.0118723362727247        6.3095734448019360        7.9432823472428211        10.000000000000000        12.589254117941687        15.848931924611142        19.952623149688787        25.118864315095820        31.622776601683793        39.810717055349777        50.118723362727252        63.095734448019428        79.432823472428211        100.00000000000000     
   3.3238792007299202E-003   4.1845159915329831E-003   5.2679935177999395E-003   6.6320109087252875E-003   8.3492070642903916E-003   1.0511028941566554E-002   1.3232601438642086E-002   1.6658858215250580E-002   2.0972259938654970E-002   2.6402510979525527E-002   3.3238792007299199E-002   4.1845159915329826E-002   5.2679935177999390E-002   6.6320109087252901E-002   8.3492070642903968E-002  0.10511028941566554       0.13232601438642086       0.16658858215250583       0.20972259938654977       0.26402510979525540       0.33238792007299200       0.41845159915329833       0.52679935177999393       0.66320109087252932       0.83492070642904015        1.0511028941566554        1.3232601438642086        1.6658858215250580        2.0972259938654987        2.6402510979525551        3.3238792007299200        4.1845159915329830        5.2679935177999395        6.6320109087252934        8.3492070642904022        10.511028941566556        13.232601438642087        16.658858215250582        20.972259938654986        26.402510979525552        33.238792007299203        41.845159915329866        52.679935177999397        66.320109087252860        83.492070642904011        105.11028941566555        132.32601438642101        166.58858215250584        209.72259938655009        264.02510979525550        332.38792007299202     
   200.00000000000000        290.00000000000000        380.00000000000000        470.00000000000000        560.00000000000000        650.00000000000000        740.00000000000000        830.00000000000000        920.00000000000000        1010.0000000000000        1100.0000000000000        1190.0000000000000        1280.0000000000000        1370.0000000000000        1460.0000000000000        1550.0000000000000        1640.0000000000000        1730.0000000000000        1820.0000000000000        1910.0000000000000        2000.0000000000000     
   1.66940879E-08   1.06341744E-08   2.37548061E-08   6.22045988E-08   1.52119085E-07   3.40465476E-07   7.04094475E-07   1.36177744E-06   2.48903825E-06   4.33590503E-06   7.24771053E-06   1.16890169E-05   1.82706917E-05   2.77800555E-05   4.12139525E-05   5.98144070E-05   8.51064760E-05   1.18937591E-04   1.63517558E-04   2.21458191E-04   2.95811071E-04
   3.33345511E-08   2.12226450E-08   4.73986752E-08   1.24115303E-07   3.03518220E-07   6.79319442E-07   1.40485679E-06   2.71711156E-06   4.96630037E-06   8.65129277E-06   1.44611067E-05   2.33226310E-05   3.64546140E-05   5.54277722E-05   8.22306392E-05   1.19340584E-04   1.69798979E-04   2.37289234E-04   3.26215901E-04   4.41782555E-04   5.90065494E-04
   6.65910562E-08   4.23594138E-08   9.45778211E-08   2.47645147E-07   6.05600860E-07   1.35542496E-06   2.80306858E-06   5.42137332E-06   9.90911303E-06   1.72616474E-05   2.88536921E-05   4.65344710E-05   7.27353254E-05   1.10589390E-04   1.64062600E-04   2.38094624E-04   3.38747661E-04   4.73360269E-04   6.50702044E-04   8.81124812E-04   1.17670291E-03
   1.33115932E-07   8.45639292E-08   1.88723249E-07   4.94125004E-07   1.20833977E-06   2.70444161E-06   5.59288765E-06   1.08171243E-05   1.97713689E-05   3.44415494E-05   5.75703089E-05   9.28466470E-05   1.45120095E-04   2.20638598E-04   3.27308167E-04   4.74971224E-04   6.75698684E-04   9.44089144E-04   1.29756622E-03   1.75666122E-03   2.34526838E-03
   2.66372382E-07   1.68868823E-07   3.76600894E-07   9.85933525E-07   2.41097655E-06   5.39610937E-06   1.11593617E-05   2.15831460E-05   3.94491908E-05   6.87195425E-05   1.14865317E-04   1.85244106E-04   2.89525196E-04   4.40160569E-04   6.52896066E-04   9.47315304E-04   1.34740339E-03   1.88211363E-03   2.58591329E-03   3.49927973E-03   4.66910470E-03
   5.33829734E-07   3.37368533E-07   7.51565096E-07   1.96727046E-06   4.81059578E-06   1.07667647E-05   2.22660674E-05   4.30643122E-05   7.87112367E-05   1.37110357E-04   2.29172976E-04   3.69567046E-04   5.77557599E-04   8.77931074E-04   1.30198873E-03   1.88858528E-03   2.68517877E-03   3.74884182E-03   5.14716795E-03   6.95898803E-03   9.27479099E-03
   1.07204926E-06   6.74408739E-07   1.50000380E-06   3.92543870E-06   9.59858789E-06   2.14828142E-05   4.44271136E-05   8.59246866E-05   1.57046219E-04   2.73553422E-04   4.57196060E-04   7.37189490E-04   1.15185918E-03   1.75042439E-03   2.59487261E-03   3.76185169E-03   5.34446770E-03   7.45383929E-03   1.02202045E-02   1.37933260E-02   1.83418877E-02
   2.15803357E-06   1.34911090E-06   2.99409135E-06   7.83287578E-06   1.91522031E-05   4.28645581E-05   8.86443740E-05   1.71439504E-04   3.13327648E-04   5.45723946E-04   9.11937212E-04   1.47005112E-03   2.29607546E-03   3.48726567E-03   5.16544096E-03   7.48005183E-03   1.06106307E-02   1.47681395E-02   2.01945864E-02   2.71601900E-02   3.59572694E-02
   4.34899994E-06   2.69973657E-06   5.97667804E-06   1.56299757E-05   3.82147919E-05   8.55272956E-05   1.76867339E-04   3.42045620E-04   6.25064422E-04   1.08846475E-03   1.81829825E-03   2.92961067E-03   4.57221502E-03   6.93637272E-03   1.02577852E-02   1.48210209E-02   2.09601969E-02   2.90553924E-02   3.95231247E-02   5.27991690E-02   6.93125576E-02
   8.71199609E-06   5.39292523E-06   1.19270244E-05   3.11868753E-05   7.62496275E-05   1.70649073E-04   3.52878211E-04   6.82354381E-04   1.24666805E-03   2.17002467E-03   3.62265250E-03   5.83069259E-03   9.08570830E-03   1.37524065E-02   2.02724896E-02   2.91617867E-02   4.09971736E-02   5.63896224E-02   7.59405270E-02  0.100180745      0.129496008    
   1.69362684E-05   1.06776897E-05   2.37684035E-05   6.22115331E-05   1.52128865E-04   3.40469589E-04   7.03968632E-04   1.36090908E-03   2.48519983E-03   4.32229321E-03   7.20592635E-03   1.15737682E-02   1.79787409E-02   2.70911399E-02   3.96849550E-02   5.66007122E-02   7.86780119E-02  0.106655151      0.141042069      0.181985781      0.229159907    
   3.05811773E-05   2.07122448E-05   4.72174033E-05   1.24025435E-04   3.03465407E-04   6.79191086E-04   1.40400860E-03   2.71278434E-03   4.94898809E-03   8.59278440E-03   1.42865637E-02   2.28507444E-02   3.52787599E-02   5.26965745E-02   7.62710497E-02  0.107057340      0.145791769      0.192664072      0.247132301      0.307856828      0.372806668    
   5.40767469E-05   4.00442586E-05   9.37607037E-05   2.47230375E-04   6.05284818E-04   1.35457551E-03   2.79866904E-03   5.40144043E-03   9.83388722E-03   1.70159508E-02   2.81380042E-02   4.46378291E-02   6.81017190E-02  0.100060657      0.141675845      0.193359479      0.254444212      0.323055446      0.396299601      0.470751941      0.543078303    
   8.47143529E-05   7.56171430E-05   1.85571073E-04   4.92487859E-04   1.20685704E-03   2.70004501E-03   5.57213742E-03   1.07292468E-02   1.94530301E-02   3.34311426E-02   5.46977967E-02   8.54200423E-02  0.127481118      0.181887493      0.248164028      0.324028134      0.405609637      0.488231748      0.567441225      0.639843225      0.703464925    
   1.21176301E-04   1.42023666E-04   3.67105531E-04   9.80781624E-04   2.40511727E-03   5.37581230E-03   1.10667190E-02   2.12075152E-02   3.81333902E-02   6.46642148E-02  0.103684716      0.157352671      0.226070240      0.307670027      0.397414237      0.489058197      0.576520026      0.655288517      0.722988963      0.779148340      0.824567795    
   1.69264284E-04   2.69886164E-04   7.27438659E-04   1.95299787E-03   4.78840806E-03   1.06774410E-02   2.18661111E-02   4.14996110E-02   7.34178722E-02  0.121398278      0.187743008      0.271620214      0.368206203      0.469617546      0.567400992      0.655058682      0.729223609      0.789353967      0.836705565      0.873320937      0.901354551    
   2.51715013E-04   5.22197282E-04   1.44436560E-03   3.88681656E-03   9.51232761E-03   2.10982524E-02   4.27446328E-02   7.95938149E-02  0.136576265      0.216025472      0.315146029      0.425481737      0.535661757      0.635750651      0.720085263      0.787370920      0.839149773      0.878151298      0.907218456      0.928813934      0.944887638    
   4.19603311E-04   1.02512317E-03   2.87045492E-03   7.72138033E-03   1.88036449E-02   4.12369743E-02   8.17715451E-02  0.146905705      0.239060283      0.352817446      0.475248784      0.591517925      0.691195786      0.770482957      0.830528617      0.874729335      0.906831384      0.930065691      0.946929872      0.959252119      0.968335152    
   7.78964895E-04   2.02910136E-03   5.69914840E-03   1.52700888E-02   3.67746092E-02   7.88069740E-02  0.150052890      0.253493369      0.380781174      0.513891876      0.634649932      0.732900023      0.807195425      0.861017227      0.899203777      0.926127493      0.945160627      0.958720982      0.968484879      0.975599468      0.980848014    
   1.51684845E-03   4.02177358E-03   1.12700630E-02   2.98936721E-02   7.03177154E-02  0.144170240      0.256176203      0.395529211      0.538705885      0.663947105      0.761479020      0.832149327      0.881465733      0.915388405      0.938716769      0.954885244      0.966227293      0.974296331      0.980122209      0.984390855      0.987563550    
   2.98389280E-03   7.94357248E-03   2.20783595E-02   5.72631061E-02  0.128649414      0.244739488      0.394114673      0.547698855      0.679061830      0.777993441      0.847200751      0.893980384      0.925305963      0.946387231      0.960753024      0.970701396      0.977712035      0.982739866      0.986407697      0.989126861      0.991173506    
   5.87935746E-03   1.55613804E-02   4.23965901E-02  0.105100639      0.218449637      0.374300271      0.539039969      0.679488897      0.783032238      0.853481829      0.899827480      0.930147886      0.950176239      0.963633060      0.972857296      0.979312539      0.983922124      0.987277389      0.989763498      0.991636157      0.993067980    
   1.15238409E-02   2.99701709E-02   7.82870054E-02  0.179606915      0.335143894      0.510642588      0.663813710      0.776135325      0.851133287      0.899411500      0.930387259      0.950533628      0.963915884      0.973017275      0.979355454      0.983870089      0.987154007      0.989589155      0.991426826      0.992835820      0.993931711    
   2.23046467E-02   5.58650531E-02  0.135460198      0.278923899      0.460695803      0.629468560      0.755517364      0.839192212      0.892281771      0.925836504      0.947389901      0.961575687      0.971164763      0.977819085      0.982552230      0.985995948      0.988553643      0.990488887      0.991977811      0.993140638      0.994060993    
   4.21315841E-02   9.86034870E-02  0.214910164      0.390410453      0.573579431      0.718141854      0.815527797      0.877079070      0.915615380      0.940137029      0.956157863      0.966933906      0.974391997      0.979693174      0.983553946      0.986428022      0.988610148      0.990296304      0.991619945      0.992673695      0.993523002    
   7.62460828E-02  0.161503032      0.310009599      0.496342659      0.660809338      0.777099431      0.851576567      0.898142040      0.927608013      0.946753860      0.959582388      0.968444765      0.974744916      0.979341924      0.982775986      0.985395730      0.987432063      0.989041507      0.990332603      0.991381943      0.992244720    
  0.129041478      0.242500409      0.407930613      0.583507955      0.721132398      0.813092470      0.871297777      0.908148348      0.932030201      0.947997332      0.959022939      0.966873467      0.972622454      0.976940274      0.980257273      0.982856810      0.984930456      0.986610532      0.987990379      0.989137113      0.990099907    
  0.199093670      0.330801785      0.493979573      0.646765649      0.758776665      0.832338095      0.879452348      0.910065711      0.930552125      0.944727898      0.954863727      0.962333798      0.967991054      0.972379625      0.975856423      0.978661716      0.980961084      0.982871532      0.984477282      0.985840201      0.987006783    
  0.275768220      0.408988833      0.556931734      0.685481548      0.777160347      0.837820232      0.877725303      0.904603481      0.923320949      0.936813235      0.946857214      0.954551101      0.960592151      0.965436161      0.969389498      0.972664058      0.975410163      0.977737010      0.979725838      0.981438160      0.982921541    
  0.349836409      0.471455157      0.599016786      0.705535054      0.781332672      0.832779646      0.868021369      0.892900288      0.911083996      0.924815238      0.935481548      0.943964183      0.950841367      0.956505001      0.961229622      0.965212882      0.968601227      0.971505225      0.974010110      0.976182759      0.978076220    
  0.416485041      0.519282758      0.624293029      0.710913002      0.774052799      0.819009721      0.851633310      0.876034558      0.894826591      0.909658074      0.921595752      0.931355596      0.939436436      0.946197212      0.951903760      0.956757128      0.960912347      0.964490771      0.967588484      0.970282376      0.972634673    
  0.466703326      0.546574235      0.629539073      0.699977934      0.754526019      0.796295762      0.828747690      0.854415596      0.875034273      0.891808212      0.905599713      0.917043626      0.926617742      0.934687257      0.941534936      0.947382092      0.952403367      0.956737816      0.960497081      0.963771403      0.966634274    
  0.501674891      0.556565702      0.618943691      0.677162111      0.726985812      0.768421531      0.802555323      0.830610037      0.853702664      0.872783303      0.888630927      0.901871443      0.913002670      0.922418714      0.930431902      0.937290192      0.943191409      0.948294103      0.952726245      0.956591725      0.959975421    
  0.521912158      0.552005708      0.597680092      0.648409486      0.696850479      0.739779294      0.776440561      0.807217062      0.832889080      0.854291916      0.872182488      0.887200952      0.899872065      0.910619557      0.919784188      0.927639246      0.934404910      0.940258801      0.945345283      0.949781895      0.953665197    
  0.528093159      0.538548172      0.573903024      0.621272862      0.669972420      0.714661300      0.753570855      0.786637664      0.814455450      0.837791622      0.857389510      0.873900056      0.887868643      0.899742246      0.909884095      0.918588102      0.926092386      0.932590127      0.938238800      0.943167329      0.947481513    
  0.524244547      0.524326444      0.555356979      0.601325870      0.650122762      0.695674539      0.735794663      0.770183504      0.799309492      0.823879302      0.844610989      0.862148821      0.877040625      0.889740229      0.900619149      0.909980059      0.918069303      0.925087810      0.931199849      0.936540365      0.941220820    
  0.517182767      0.515415370      0.544900298      0.589251459      0.636952639      0.682035208      0.722177863      0.756912887      0.786573231      0.811771214      0.833163559      0.851357162      0.866877973      0.880168140      0.891593993      0.901456535      0.910003066      0.917436302      0.923923373      0.929601908      0.934586287    
  0.512560427      0.513105333      0.540955901      0.582435787      0.627637208      0.671009183      0.710168719      0.744469404      0.774074376      0.799464107      0.821201026      0.839826703      0.855822980      0.869602740      0.881513059      0.891842902      0.900831878      0.908678770      0.915548384      0.921577930      0.926881909    
  0.512698054      0.515643299      0.540625393      0.578005612      0.619714439      0.660644650      0.698311806      0.731835246      0.761157334      0.786588371      0.808569551      0.827559650      0.843985438      0.858223438      0.870597124      0.881380558      0.890803993      0.899060607      0.906312108      0.912694156      0.918320835    
  0.516658485      0.520592332      0.541848183      0.574523866      0.612206399      0.650213599      0.685975194      0.718385041      0.747163117      0.772440612      0.794525981      0.813783348      0.830573499      0.845228076      0.858040035      0.869263113      0.879114330      0.887778461      0.895412147      0.902148247      0.908099473    
  0.522487283      0.526280820      0.543548167      0.571337104      0.604719102      0.639473975      0.673001528      0.704003990      0.731992483      0.756920815      0.778960645      0.798375309      0.815453172      0.830474496      0.843696356      0.855347335      0.865627289      0.874709249      0.882742107      0.889853597      0.896153510    
  0.528957069      0.531933188      0.545298159      0.568277359      0.597271144      0.628572285      0.659621775      0.688976407      0.715961099      0.740359843      0.762207389      0.781662822      0.798937321      0.814254999      0.827832580      0.839870095      0.850547075      0.860022306      0.868434906      0.875906229      0.882541537    
  0.535481691      0.537270665      0.546988785      0.565363109      0.589956701      0.617621601      0.645924568      0.673341572      0.699048698      0.722677708      0.744131684      0.763463914      0.780804276      0.796315670      0.810169339      0.822532058      0.833559036      0.843391597      0.852156520      0.859966218      0.866920114    
  0.541558027      0.542093337      0.548566937      0.562672019      0.582968891      0.606901944      0.632244289      0.657458842      0.681616187      0.704219520      0.725050986      0.744061708      0.761299431      0.776862919      0.790874779      0.803464711      0.814760506      0.824883044      0.833943903      0.842044771      0.849277139    
  0.547087073      0.546385467      0.550058782      0.560314298      0.576517344      0.596702695      0.618916333      0.641676426      0.663998723      0.685289860      0.705229044      0.723673642      0.740592182      0.756019294      0.770026565      0.782703936      0.794148624      0.804458022      0.813726068      0.822040975      0.829484403    
  0.551994085      0.550143838      0.551488340      0.558389664      0.570808351      0.587331474      0.606323004      0.626419902      0.646637440      0.666323781      0.685079396      0.702681839      0.719027340      0.734088719      0.747886598      0.760469913      0.771903157      0.782257974      0.791608274      0.800026894      0.807583630    
  0.556264520      0.553383172      0.552851379      0.556924403      0.565950274      0.578996837      0.594765127      0.612061203      0.629950047      0.647761703      0.665046036      0.681518853      0.697015226      0.711452305      0.724802673      0.737074852      0.748300135      0.758523524      0.767797410      0.776177585      0.783720434    
  0.559921324      0.556134164      0.554137707      0.555912077      0.562000394      0.571853757      0.584500134      0.598947644      0.614354908      0.630072892      0.645631075      0.660705090      0.675082505      0.688633502      0.701287568      0.713015378      0.723816216      0.733708262      0.742722034      0.750895560      0.758271158    
  0.563005269      0.558434010      0.555326700      0.555305421      0.558946192      0.565967858      0.575684965      0.587317824      0.600150406      0.613590777      0.627180398      0.640580237      0.653549850      0.665925682      0.677602947      0.688520193      0.698647857      0.707978845      0.716522276      0.724298298      0.731334448    
  0.565570533      0.560326457      0.556395590      0.555027068      0.556712806      0.561326325      0.568411469      0.577389836      0.587685704      0.598789155      0.610278845      0.621823549      0.633172452      0.644142568      0.654605210      0.664474428      0.673697114      0.682244956      0.690108180      0.697290659      0.703806221    
  0.567680478      0.561859906      0.557328939      0.554998457      0.555209517      0.557889044      0.562734902      0.569334686      0.577248335      0.586060286      0.595406532      0.604984581      0.614553034      0.623925388      0.632962584      0.641564310      0.649661779      0.657211125      0.664187968      0.670582891      0.676397800    
