          51          21   2.0000000000000000     
   1.0000000000000000E-003   1.2589254117941675E-003   1.5848931924611141E-003   1.9952623149688789E-003   2.5118864315095794E-003   3.1622776601683794E-003   3.9810717055349734E-003   5.0118723362727246E-003   6.3095734448019303E-003   7.9432823472428138E-003   1.0000000000000000E-002   1.2589254117941675E-002   1.5848931924611141E-002   1.9952623149688799E-002   2.5118864315095808E-002   3.1622776601683791E-002   3.9810717055349734E-002   5.0118723362727248E-002   6.3095734448019331E-002   7.9432823472428180E-002  0.10000000000000001       0.12589254117941676       0.15848931924611143       0.19952623149688808       0.25118864315095824       0.31622776601683794       0.39810717055349731       0.50118723362727247       0.63095734448019358       0.79432823472428216        1.0000000000000000        1.2589254117941675        1.5848931924611140        1.9952623149688808        2.5118864315095824        3.1622776601683795        3.9810717055349731        5.0118723362727247        6.3095734448019360        7.9432823472428211        10.000000000000000        12.589254117941687        15.848931924611142        19.952623149688787        25.118864315095820        31.622776601683793        39.810717055349777        50.118723362727252        63.095734448019428        79.432823472428211        100.00000000000000     
   3.3238792007299202E-003   4.1845159915329831E-003   5.2679935177999395E-003   6.6320109087252875E-003   8.3492070642903916E-003   1.0511028941566554E-002   1.3232601438642086E-002   1.6658858215250580E-002   2.0972259938654970E-002   2.6402510979525527E-002   3.3238792007299199E-002   4.1845159915329826E-002   5.2679935177999390E-002   6.6320109087252901E-002   8.3492070642903968E-002  0.10511028941566554       0.13232601438642086       0.16658858215250583       0.20972259938654977       0.26402510979525540       0.33238792007299200       0.41845159915329833       0.52679935177999393       0.66320109087252932       0.83492070642904015        1.0511028941566554        1.3232601438642086        1.6658858215250580        2.0972259938654987        2.6402510979525551        3.3238792007299200        4.1845159915329830        5.2679935177999395        6.6320109087252934        8.3492070642904022        10.511028941566556        13.232601438642087        16.658858215250582        20.972259938654986        26.402510979525552        33.238792007299203        41.845159915329866        52.679935177999397        66.320109087252860        83.492070642904011        105.11028941566555        132.32601438642101        166.58858215250584        209.72259938655009        264.02510979525550        332.38792007299202     
   200.00000000000000        290.00000000000000        380.00000000000000        470.00000000000000        560.00000000000000        650.00000000000000        740.00000000000000        830.00000000000000        920.00000000000000        1010.0000000000000        1100.0000000000000        1190.0000000000000        1280.0000000000000        1370.0000000000000        1460.0000000000000        1550.0000000000000        1640.0000000000000        1730.0000000000000        1820.0000000000000        1910.0000000000000        2000.0000000000000     
   4.07734886E-04   1.18346921E-04   1.94302338E-05   5.31877095E-06   3.58232978E-06   3.95296047E-06   4.86811496E-06   6.02530918E-06   7.35254116E-06   8.82969562E-06   1.04504525E-05   1.22126921E-05   1.41157352E-05   1.61594544E-05   1.83439661E-05   2.06695131E-05   2.31364156E-05   2.57450556E-05   2.84958769E-05   3.13893725E-05   3.44260952E-05
   6.47293695E-04   1.87980229E-04   3.08640811E-05   8.44266469E-06   5.68078895E-06   6.26604196E-06   7.71591931E-06   9.54984080E-06   1.16534111E-05   1.39946769E-05   1.65636047E-05   1.93568339E-05   2.23732950E-05   2.56127951E-05   2.90755324E-05   3.27619018E-05   3.66724271E-05   4.08077321E-05   4.51685264E-05   4.97556211E-05   5.45699077E-05
   1.02860073E-03   2.98965781E-04   4.90901148E-05   1.34133161E-05   9.01142448E-06   9.93357298E-06   1.22301071E-05   1.51364047E-05   1.84704641E-05   2.21814571E-05   2.62534359E-05   3.06810798E-05   3.54627045E-05   4.05980318E-05   4.60874035E-05   5.19314781E-05   5.81311251E-05   6.46873668E-05   7.16013747E-05   7.88744728E-05   8.65081238E-05
   1.63704110E-03   4.76433284E-04   7.82389907E-05   2.13404946E-05   1.43021807E-05   1.57500945E-05   1.93864253E-05   2.39919118E-05   2.92763543E-05   3.51587296E-05   4.16136463E-05   4.86326753E-05   5.62131900E-05   6.43548119E-05   7.30581523E-05   8.23243463E-05   9.21548417E-05   1.02551370E-04   1.13515904E-04   1.25050632E-04   1.37158000E-04
   2.61172303E-03   7.61635543E-04   1.25095597E-04   3.40277184E-05   2.27177024E-05   2.49783825E-05   3.07329683E-05   3.80304664E-05   4.64065306E-05   5.57315907E-05   6.59651269E-05   7.70937768E-05   8.91134841E-05   1.02023812E-04   1.15825897E-04   1.30521745E-04   1.46113904E-04   1.62605327E-04   1.79999421E-04   1.98299924E-04   2.17511057E-04
   4.18276573E-03   1.22353248E-03   2.01009869E-04   5.44451723E-05   3.61312086E-05   3.96286159E-05   4.87274338E-05   6.02889049E-05   7.35660578E-05   8.83506218E-05   1.04577681E-04   1.22226047E-04   1.41289565E-04   1.61767923E-04   1.83663418E-04   2.06979705E-04   2.31721395E-04   2.57893815E-04   2.85502989E-04   3.14555538E-04   3.45058943E-04
   6.73989765E-03   1.98042323E-03   3.25461820E-04   8.75795740E-05   5.75799422E-05   6.29087153E-05   7.72753192E-05   9.55883079E-05   1.16636184E-04   1.40081553E-04   1.65819787E-04   1.93817308E-04   2.24065036E-04   2.56563450E-04   2.91317294E-04   3.28333757E-04   3.67621513E-04   4.09190572E-04   4.53052053E-04   4.99218411E-04   5.47703181E-04
   1.09680854E-02   3.24260513E-03   5.33045037E-04   1.42029385E-04   9.20477833E-05   9.99577023E-05   1.22592173E-04   1.51589644E-04   1.84960911E-04   2.22153074E-04   2.62995862E-04   3.07436101E-04   3.55461088E-04   4.07074025E-04   4.62285418E-04   5.21109847E-04   5.83564630E-04   6.49669499E-04   7.19446223E-04   7.92919018E-04   8.70114192E-04
   1.81489661E-02   5.40238246E-03   8.87859554E-04   2.33146100E-04   1.47855506E-04   1.59056421E-04   1.94593085E-04   2.40484849E-04   2.93406832E-04   3.52437288E-04   4.17295465E-04   4.87897196E-04   5.64226531E-04   6.46294851E-04   7.34125962E-04   8.27751297E-04   9.27207235E-04   1.03253464E-03   1.14377867E-03   1.26098865E-03   1.38421857E-03
   3.09823845E-02   9.24597122E-03   1.51527813E-03   3.89624707E-04   2.39256740E-04   2.53672653E-04   3.09154158E-04   3.81723192E-04   4.65679943E-04   5.59450185E-04   6.62561739E-04   7.74881511E-04   8.96394951E-04   1.02713553E-03   1.16715941E-03   1.31653703E-03   1.47534860E-03   1.64368318E-03   1.82163878E-03   2.00932194E-03   2.20684870E-03
   5.66753745E-02   1.66002177E-02   2.68893596E-03   6.70426874E-04   3.92116897E-04   4.06191975E-04   4.91905725E-04   6.06471440E-04   7.39724317E-04   8.88870156E-04   1.05308765E-03   1.23216468E-03   1.42610457E-03   1.63499895E-03   1.85898331E-03   2.09822087E-03   2.35289545E-03   2.62321043E-03   2.90938793E-03   3.21166893E-03   3.53031605E-03
  0.122914478       3.34928632E-02   5.25468122E-03   1.24346511E-03   6.65408734E-04   6.57605939E-04   7.85657146E-04   9.65383137E-04   1.17678626E-03   1.41438842E-03   1.67660741E-03   1.96306990E-03   2.27383315E-03   2.60913419E-03   2.96930294E-03   3.35472869E-03   3.76584800E-03   4.20314260E-03   4.66713868E-03   5.15841041E-03   5.67758270E-03
  0.318640262       7.93514624E-02   1.19923111E-02   2.63933721E-03   1.21648284E-03   1.09228573E-03   1.26568368E-03   1.54265552E-03   1.87704817E-03   2.25620647E-03   2.67648487E-03   3.13704275E-03   3.63804353E-03   4.18007514E-03   4.76394687E-03   5.39061520E-03   6.06116094E-03   6.77678548E-03   7.53881689E-03   8.34872760E-03   9.20815580E-03
  0.447776765       9.25673172E-02   1.34856021E-02   3.15413880E-03   1.68241991E-03   1.66290090E-03   1.98978023E-03   2.44994136E-03   2.99335783E-03   3.60693783E-03   4.28756885E-03   5.03531052E-03   5.85143082E-03   6.73779054E-03   7.69664254E-03   8.73058103E-03   9.84256156E-03   1.10359397E-02   1.23145524E-02   1.36827994E-02   1.51457498E-02
  0.420608431       6.64218962E-02   9.60752461E-03   2.84330267E-03   2.15477287E-03   2.49552517E-03   3.12392646E-03   3.89982667E-03   4.79245139E-03   5.79585694E-03   6.91101654E-03   8.14138539E-03   9.49170534E-03   1.09677333E-02   1.25762755E-02   1.43253533E-02   1.62244271E-02   1.82846393E-02   2.05190070E-02   2.29425598E-02   2.55723298E-02
  0.308618397       3.62284333E-02   5.81486896E-03   2.80499388E-03   3.02433409E-03   3.86955589E-03   4.96951258E-03   6.26033917E-03   7.73383304E-03   9.39502660E-03   1.12536671E-02   1.33225396E-02   1.56174907E-02   1.81579217E-02   2.09673438E-02   2.40737088E-02   2.75093392E-02   3.13102938E-02   3.55151705E-02   4.01633978E-02   4.52931933E-02
  0.168861032       1.59719419E-02   3.87189654E-03   3.50490748E-03   4.61265817E-03   6.15613535E-03   8.00660998E-03   1.01582007E-02   1.26289688E-02   1.54464571E-02   1.86466016E-02   2.22749189E-02   2.63873134E-02   3.10493149E-02   3.63332927E-02   4.23137285E-02   4.90612388E-02   5.66362776E-02   6.50835335E-02   7.44276866E-02   8.46710578E-02
   6.26255125E-02   6.32813340E-03   3.78945982E-03   5.19279623E-03   7.33752642E-03   9.96110681E-03   1.30784083E-02   1.67458039E-02   2.10406668E-02   2.60634497E-02   3.19379605E-02   3.88045125E-02   4.68058363E-02   5.60687520E-02   6.66862130E-02   7.87036940E-02   9.21122581E-02  0.106848672      0.122801445      0.139820844      0.157730788    
   2.10227128E-02   4.07668948E-03   5.33919083E-03   8.26110691E-03   1.19292168E-02   1.63968578E-02   2.18211468E-02   2.84099970E-02   3.64207439E-02   4.61352132E-02   5.78107089E-02   7.16254413E-02   8.76382515E-02  0.105773635      0.125832066      0.147518173      0.170477033      0.194329992      0.218704879      0.243257761      0.267686516    
   1.06788604E-02   4.90632188E-03   8.43772944E-03   1.34789785E-02   1.97936073E-02   2.77556162E-02   3.78796682E-02   5.07319607E-02   6.67893291E-02   8.62873718E-02  0.109138340      0.134945765      0.163090304      0.192841887      0.223462060      0.254277140      0.284719616      0.314342916      0.342818320      0.369921565      0.395515352    
   6.32183859E-03   7.16865575E-03   1.37291346E-02   2.25066766E-02   3.40167060E-02   4.93961424E-02   6.96924776E-02   9.53809470E-02  0.126132011      0.160923079      0.198354661      0.236977205      0.275516540      0.312979549      0.348669440      0.382151365      0.413198292      0.441736072      0.467796087      0.491477698      0.512920797    
   5.85254887E-03   1.13975322E-02   2.29572002E-02   3.91582958E-02   6.18728176E-02   9.27428827E-02  0.131587595      0.176446795      0.224520788      0.273109138      0.320123523      0.364203513      0.404616177      0.441087365      0.473642677      0.502484322      0.527905583      0.550235748      0.569806874      0.586934984      0.601910710    
   7.67429546E-03   1.88227966E-02   4.00858074E-02   7.22307861E-02  0.117021605      0.172316670      0.232998833      0.293856591      0.351192832      0.403018117      0.448622674      0.488075614      0.521846890      0.550569415      0.574905872      0.595481396      0.612855434      0.627513230      0.639868736      0.650271416      0.659014761    
   1.18167400E-02   3.23654637E-02   7.41023496E-02  0.136286825      0.211579531      0.289355993      0.361698180      0.424849600      0.477991313      0.521800816      0.557520151      0.586479783      0.609894872      0.628799677      0.644044220      0.656314909      0.666161835      0.674024880      0.680256903      0.685141623      0.688908994    
   1.93432719E-02   5.86354807E-02  0.138772219      0.239737287      0.337886542      0.421649247      0.488740683      0.540904582      0.580938637      0.611508429      0.634806991      0.652535498      0.665982425      0.676116526      0.683667779      0.689189792      0.693106949      0.695748210      0.697371960      0.698183417      0.698347867    
   3.30988914E-02  0.108067341      0.239110410      0.367479444      0.467347413      0.539394855      0.590260029      0.626031756      0.651194692      0.668859661      0.681156993      0.689554930      0.695081234      0.698469281      0.700254023      0.700834155      0.700512528      0.699523449      0.698050737      0.696240187      0.694207966    
   5.88686168E-02  0.184941843      0.355911463      0.487312227      0.571865380      0.624587119      0.657556593      0.678205669      0.690952897      0.698478520      0.702467859      0.704024494      0.703899801      0.702624023      0.700581908      0.698058665      0.695268035      0.692371011      0.689487934      0.686707437      0.684093177    
  0.104572363      0.277210981      0.459118009      0.575270116      0.639574230      0.674449861      0.693112791      0.702513039      0.706398427      0.706913531      0.705365837      0.702597797      0.699174345      0.695482790      0.691789567      0.688275039      0.685056567      0.682204723      0.679755688      0.677720606      0.676092863    
  0.178741232      0.373788863      0.538840711      0.631104052      0.676238477      0.697029889      0.705338061      0.707051575      0.705260634      0.701704621      0.697416246      0.693023145      0.688902140      0.685266674      0.682221651      0.679800391      0.677990437      0.676751673      0.676029027      0.675761044      0.675885737    
  0.287783086      0.481086463      0.609644294      0.672183394      0.698056340      0.706396759      0.706539512      0.703038871      0.698230207      0.693341017      0.688996434      0.685476542      0.682862163      0.681123018      0.680172622      0.679901004      0.680194855      0.680947304      0.682063341      0.683461308      0.685072780    
  0.403181612      0.582949638      0.672710598      0.706675947      0.715008080      0.712965429      0.707391143      0.701343298      0.696128845      0.692204058      0.689613819      0.688219845      0.687819898      0.688206494      0.689193666      0.690625250      0.692375660      0.694346309      0.696461439      0.698663354      0.700908840    
  0.494923115      0.655521095      0.716936052      0.731189072      0.728238285      0.720733643      0.713438809      0.707871556      0.704250157      0.702324450      0.701726913      0.702109754      0.703187406      0.704740524      0.706606925      0.708669126      0.710843205      0.713070095      0.715308547      0.717530072      0.719715476    
  0.575456142      0.703939140      0.743986368      0.747478664      0.740557134      0.732852399      0.727053761      0.723431706      0.721581876      0.721019804      0.721345425      0.722264826      0.723572254      0.725126147      0.726830065      0.728618264      0.730445802      0.732282043      0.734106183      0.735904098      0.737666249    
  0.650699079      0.741241455      0.765331745      0.764737368      0.758489192      0.752701819      0.748613000      0.746082187      0.744721651      0.744188488      0.744229317      0.744666457      0.745376825      0.746274829      0.747299969      0.748409510      0.749572515      0.750766516      0.751975119      0.753186345      0.754391313    
  0.716858864      0.780299664      0.795969844      0.794229865      0.788219929      0.782285392      0.777479768      0.773863494      0.771252871      0.769437611      0.768236339      0.767504930      0.767132163      0.767033219      0.767143428      0.767413557      0.767805696      0.768290758      0.768846154      0.769454360      0.770101607    
  0.768168151      0.819955647      0.832841754      0.829449177      0.821184874      0.812666059      0.805335581      0.799439967      0.794841766      0.791314840      0.788641810      0.786640406      0.785165429      0.784103513      0.783366501      0.782886088      0.782608986      0.782493472      0.782506704      0.782622576      0.782820344    
  0.800016701      0.846315086      0.858059645      0.853700638      0.844094932      0.834106386      0.825362444      0.818178177      0.812427938      0.807876945      0.804293692      0.801481545      0.799282193      0.797570765      0.796249568      0.795241952      0.794487715      0.793939054      0.793558121      0.793314338      0.793183267    
  0.822601378      0.865368962      0.876167297      0.871571779      0.861670196      0.851216316      0.841906667      0.834124863      0.827784717      0.822669446      0.818553388      0.815240026      0.812568843      0.810412109      0.808669329      0.807261527      0.806126475      0.805215061      0.804488122      0.803914368      0.803468525    
  0.843779445      0.881310582      0.890678585      0.886216879      0.876492918      0.865894318      0.856173754      0.847831905      0.840870917      0.835128129      0.830407977      0.826529324      0.823338151      0.820708394      0.818538308      0.816746116      0.815266132      0.814045429      0.813041151      0.812218428      0.811548769    
  0.859565437      0.891945899      0.900828004      0.897380114      0.888580859      0.878457069      0.868831933      0.860340238      0.853088200      0.846979856      0.841859877      0.837570667      0.833971679      0.830944479      0.828391552      0.826233387      0.824405313      0.822854877      0.821539104      0.820422947      0.819477499    
  0.872031748      0.899949610      0.908653617      0.906408548      0.898730040      0.889254332      0.879855216      0.871306956      0.863832712      0.857415199      0.851947665      0.847300768      0.843349993      0.839985609      0.837114155      0.834657907      0.832552552      0.830744922      0.829191267      0.827855349      0.826707006    
  0.881332695      0.905722022      0.914540291      0.913653374      0.907303691      0.898708642      0.889747441      0.881315708      0.873754203      0.867131352      0.861396611      0.856455564      0.852204800      0.848546505      0.845393956      0.842672706      0.840319812      0.838282347      0.836516201      0.834984243      0.833655596    
  0.888403058      0.910025001      0.919054329      0.919520259      0.914593816      0.907052696      0.898722291      0.890583634      0.883080125      0.876363456      0.870442152      0.865261674      0.860744894      0.856811166      0.853384912      0.850398600      0.847793519      0.845519304      0.843533039      0.841798186      0.840283692    
  0.893628418      0.913170874      0.922456145      0.924205184      0.920729697      0.914367378      0.906835377      0.899160087      0.891870081      0.885195374      0.879204333      0.873885036      0.869189322      0.865055978      0.861422241      0.858229041      0.855423093      0.852957368      0.850790858      0.848888159      0.847218573    
  0.897499502      0.915472865      0.925001681      0.927913845      0.925854027      0.920735121      0.914119184      0.907037079      0.900081396      0.893553436      0.887581408      0.882198274      0.877387524      0.873109877      0.869317234      0.865960300      0.862992227      0.860369980      0.858055294      0.856014073      0.854216516    
  0.900328457      0.917134523      0.926866114      0.930783987      0.930053234      0.926206708      0.920619011      0.914280891      0.907816947      0.901582837      0.895759583      0.890423417      0.885590911      0.881246805      0.877360344      0.873894274      0.870810151      0.868070841      0.865641832      0.863491714      0.861592352    
  0.902377784      0.918319523      0.928201973      0.932952285      0.933419943      0.930820286      0.926325977      0.920848787      0.915012181      0.909205556      0.903652787      0.898469985      0.893706679      0.889373243      0.885457933      0.881937683      0.878784239      0.875967622      0.873458624      0.871229351      0.869254053    
  0.903849781      0.919152319      0.929133236      0.934540212      0.936039984      0.934604347      0.931212425      0.926672280      0.921576619      0.916325629      0.911171734      0.906263590      0.901680470      0.897457540      0.893602729      0.890107930      0.886956036      0.884125650      0.881593406      0.879335940      0.877330601    
  0.904894173      0.919726253      0.929761946      0.935663044      0.938015044      0.937624037      0.935301960      0.931742430      0.927481890      0.922906935      0.918280780      0.913773239      0.909487486      0.905480802      0.901780367      0.898393571      0.895315766      0.892534971      0.890035093      0.887798309      0.885805905    
  0.905619860      0.920109808      0.930168867      0.936423898      0.939446092      0.939944863      0.938604116      0.936009347      0.932628393      0.928815544      0.924827158      0.920840919      0.916974545      0.913301945      0.909866035      0.906688392      0.903775990      0.901126683      0.898732066      0.896580338      0.894657612    
  0.906111360      0.920355022      0.930417120      0.936911166      0.940432429      0.941648364      0.941157162      0.939454734      0.936939240      0.933921754      0.930637658      0.927259564      0.923909545      0.920670867      0.917597473      0.914721966      0.912061632      0.909622967      0.907405198      0.905402720      0.903606653    
