          51          21
   1.0000000000000000E-003   1.2589254117941675E-003   1.5848931924611141E-003   1.9952623149688789E-003   2.5118864315095794E-003   3.1622776601683794E-003   3.9810717055349734E-003   5.0118723362727246E-003   6.3095734448019303E-003   7.9432823472428138E-003   1.0000000000000000E-002   1.2589254117941675E-002   1.5848931924611141E-002   1.9952623149688799E-002   2.5118864315095808E-002   3.1622776601683791E-002   3.9810717055349734E-002   5.0118723362727248E-002   6.3095734448019331E-002   7.9432823472428180E-002  0.10000000000000001       0.12589254117941676       0.15848931924611143       0.19952623149688808       0.25118864315095824       0.31622776601683794       0.39810717055349731       0.50118723362727247       0.63095734448019358       0.79432823472428216        1.0000000000000000        1.2589254117941675        1.5848931924611140        1.9952623149688808        2.5118864315095824        3.1622776601683795        3.9810717055349731        5.0118723362727247        6.3095734448019360        7.9432823472428211        10.000000000000000        12.589254117941687        15.848931924611142        19.952623149688787        25.118864315095820        31.622776601683793        39.810717055349777        50.118723362727252        63.095734448019428        79.432823472428211        100.00000000000000     
   200.00000000000000        290.00000000000000        380.00000000000000        470.00000000000000        560.00000000000000        650.00000000000000        740.00000000000000        830.00000000000000        920.00000000000000        1010.0000000000000        1100.0000000000000        1190.0000000000000        1280.0000000000000        1370.0000000000000        1460.0000000000000        1550.0000000000000        1640.0000000000000        1730.0000000000000        1820.0000000000000        1910.0000000000000        2000.0000000000000     
   5.79293112E-18   7.11700078E-18   6.98834938E-18   6.15866324E-18   5.18121947E-18   4.28525011E-18   3.53298352E-18   2.92264004E-18   2.43326944E-18   2.04144184E-18   1.72655941E-18   1.47195756E-18   1.26460489E-18   1.09444680E-18   9.53751654E-19   8.36563064E-19   7.38270898E-19   6.55285192E-19   5.84791206E-19   5.24566046E-19   4.72841667E-19
   1.15584180E-17   1.42002840E-17   1.39435933E-17   1.22881502E-17   1.03378932E-17   8.55019872E-18   7.04922987E-18   5.83143472E-18   4.85501170E-18   4.07321311E-18   3.44494049E-18   2.93694302E-18   2.52322037E-18   2.18371070E-18   1.90298752E-18   1.66916610E-18   1.47304809E-18   1.30747063E-18   1.16681756E-18   1.04665376E-18   9.43451291E-19
   2.30620800E-17   2.83332984E-17   2.78211313E-17   2.45180883E-17   2.06268140E-17   1.70598937E-17   1.40650665E-17   1.16352457E-17   9.68702613E-18   8.12713306E-18   6.87356483E-18   5.85997783E-18   5.03449335E-18   4.35708413E-18   3.79696953E-18   3.33043677E-18   2.93913278E-18   2.60876552E-18   2.32812961E-18   2.08837565E-18   1.88246496E-18
   4.60149060E-17   5.65323752E-17   5.55104696E-17   4.89200338E-17   4.11559214E-17   3.40389785E-17   2.80635118E-17   2.32153814E-17   1.93281735E-17   1.62157791E-17   1.37145826E-17   1.16922145E-17   1.00451614E-17   8.69355822E-18   7.57599007E-18   6.64514387E-18   5.86440035E-18   5.20524411E-18   4.64531728E-18   4.16696287E-18   3.75613741E-18
   9.18118401E-17   1.12796969E-16   1.10758002E-16   9.76083578E-17   8.21169061E-17   6.79167362E-17   5.59941122E-17   4.63208206E-17   3.85648244E-17   3.23547858E-17   2.73642563E-17   2.33291154E-17   2.00428311E-17   1.73460519E-17   1.51162410E-17   1.32589938E-17   1.17012498E-17   1.03861120E-17   9.26897070E-18   8.31459949E-18   7.49497682E-18
   1.83188795E-16   2.25059698E-16   2.20991439E-16   1.94754434E-16   1.63844918E-16   1.35511851E-16   1.11723090E-16   9.24223391E-17   7.69471133E-17   6.45564903E-17   5.45991151E-17   4.65480074E-17   3.99910857E-17   3.46103982E-17   3.01614569E-17   2.64559094E-17   2.33479735E-17   2.07241334E-17   1.84953863E-17   1.65914448E-17   1.49564082E-17
   3.65509990E-16   4.49053564E-16   4.40936447E-16   3.88586741E-16   3.26914113E-16   2.70382181E-16   2.22917366E-16   1.84407344E-16   1.53530280E-16   1.28807864E-16   1.08940468E-16   9.28766333E-17   7.97941565E-17   6.90586624E-17   6.01823328E-17   5.27893697E-17   4.65889131E-17   4.13544811E-17   3.69085045E-17   3.31107594E-17   2.98497223E-17
   7.29289227E-16   8.95981181E-16   8.79785594E-16   7.75334149E-16   6.52281014E-16   5.39484972E-16   4.44780283E-16   3.67942880E-16   3.06335395E-16   2.57008193E-16   2.17368242E-16   1.85317640E-16   1.59215896E-16   1.37797318E-16   1.20088599E-16   1.05339995E-16   9.29712098E-17   8.25303971E-17   7.36633254E-17   6.60902751E-17   5.95887745E-17
   1.45512616E-15   1.78772233E-15   1.75540855E-15   1.54700043E-15   1.30147703E-15   1.07641932E-15   8.87459024E-16   7.34149131E-16   6.11227498E-16   5.12808940E-16   4.33719753E-16   3.69774218E-16   3.17699347E-16   2.74969791E-16   2.39643832E-16   2.10225663E-16   1.85557628E-16   1.64738445E-16   1.47061503E-16   1.31968938E-16   1.19017155E-16
   2.90336785E-15   3.56699042E-15   3.50251787E-15   3.08668928E-15   2.59680523E-15   2.14775686E-15   1.77073328E-15   1.46484374E-15   1.21958874E-15   1.02322660E-15   8.65434791E-16   7.37862153E-16   6.33978856E-16   5.48746801E-16   4.78292453E-16   4.19631928E-16   3.70456371E-16   3.28968221E-16   2.93758570E-16   2.63715291E-16   2.37954292E-16
   5.79300995E-15   7.11712996E-15   6.98849785E-15   6.15881086E-15   5.18136449E-15   4.28539887E-15   3.53314701E-15   2.92283309E-15   2.43350999E-15   2.04175132E-15   1.72696285E-15   1.47248409E-15   1.26528850E-15   1.09532647E-15   9.54871888E-16   8.37974248E-16   7.40029816E-16   6.57455539E-16   5.87443872E-16   5.27779612E-16   4.76702890E-16
   1.15586692E-14   1.42006962E-14   1.39440639E-14   1.22886261E-14   1.03383692E-14   8.55070189E-15   7.04980270E-15   5.83213397E-15   4.85590775E-15   4.07438899E-15   3.44649490E-15   2.93899172E-15   2.52589714E-15   2.18717036E-15   1.90740639E-15   1.67474454E-15   1.48001199E-15   1.31607299E-15   1.17734022E-15   1.05940931E-15   9.58784863E-16
   2.30628826E-14   2.83346056E-14   2.78226335E-14   2.45196252E-14   2.06283880E-14   1.70616119E-14   1.40670980E-14   1.16378100E-14   9.69039658E-15   8.13163742E-15   6.87959101E-15   5.86798337E-15   5.04500997E-15   4.37072474E-15   3.81443542E-15   3.35252422E-15   2.96673946E-15   2.64289823E-15   2.36991031E-15   2.13904851E-15   1.94340423E-15
   4.60174806E-14   5.65365354E-14   5.55152780E-14   4.89250228E-14   4.11611730E-14   3.40449240E-14   2.80708091E-14   2.32248946E-14   1.93409691E-14   1.62331493E-14   1.37380638E-14   1.17236153E-14   1.00865920E-14   8.74745409E-15   7.64513896E-15   6.73271296E-15   5.97396413E-15   5.34081039E-15   4.81135424E-15   4.36842885E-15   3.99850670E-15
   9.18201130E-14   1.12810213E-13   1.10773424E-13   9.76246536E-14   8.21346097E-14   6.79375718E-14   5.60206788E-14   4.63564971E-14   3.86138096E-14   3.24221783E-14   2.74561359E-14   2.34526635E-14   2.02064300E-14   1.75593843E-14   1.53904023E-14   1.36066000E-14   1.21365371E-14   1.09250538E-14   9.92938269E-15   9.11625308E-15   8.45971107E-15
   1.83215449E-13   2.25101920E-13   2.21041054E-13   1.94808050E-13   1.63905253E-13   1.35585865E-13   1.11820994E-13   9.25574450E-14   7.71359701E-14   6.48192641E-14   5.49599361E-14   4.70354075E-14   4.06383945E-14   3.54561758E-14   3.12499118E-14   2.78373245E-14   2.50791378E-14   2.28687783E-14   2.11246256E-14   1.97842231E-14   1.87999573E-14
   3.65595493E-13   4.49188402E-13   4.41096676E-13   3.88764460E-13   3.27122200E-13   2.70648575E-13   2.23282357E-13   1.84923393E-13   1.54262887E-13   1.29836924E-13   1.10361881E-13   9.48038983E-14   8.23600425E-14   7.24168853E-14   6.45092568E-14   5.82856991E-14   5.34814299E-14   4.98977894E-14   4.73867907E-14   4.58395867E-14   4.51778406E-14
   7.29562461E-13   8.96411959E-13   8.80305377E-13   7.75928855E-13   6.53008030E-13   5.40456297E-13   4.46155293E-13   3.69929049E-13   3.09192288E-13   2.61053250E-13   2.22983050E-13   1.92954471E-13   1.69404353E-13   1.51151024E-13   1.37311969E-13   1.27234987E-13   1.20444223E-13   1.16599113E-13   1.15463533E-13   1.16882849E-13   1.20766502E-13
   1.45599364E-12   1.78910044E-12   1.75710358E-12   1.54901092E-12   1.30405062E-12   1.08000479E-12   8.92688267E-13   7.41844357E-13   6.22419813E-13   5.28761713E-13   4.55954014E-13   4.00094671E-13   3.58220723E-13   3.28143328E-13   3.08283482E-13   2.97534160E-13   2.95152168E-13   3.00675717E-13   3.13862082E-13   3.34640464E-13   3.63076539E-13
   2.90606363E-12   3.57139773E-12   3.50807816E-12   3.09356230E-12   2.60603822E-12   2.16114605E-12   1.79078876E-12   1.49483204E-12   1.26361367E-12   1.08632385E-12   9.53672796E-13   8.58443741E-13   7.95341332E-13   7.60659819E-13   7.51951073E-13   7.67744429E-13   8.07324585E-13   8.70559430E-13   9.57767611E-13   1.06961618E-12   1.20704098E-12
   5.80137804E-12   7.13127170E-12   7.00687945E-12   6.18260131E-12   5.21493092E-12   4.33593526E-12   3.61064173E-12   3.04028807E-12   2.60727356E-12   2.29189194E-12   2.07764470E-12   1.95232849E-12   1.90770555E-12   1.93880762E-12   2.04323364E-12   2.22054731E-12   2.47179013E-12   2.79909798E-12   3.20540187E-12   3.69419599E-12   4.26936134E-12
   1.15847878E-11   1.42462908E-11   1.40053958E-11   1.23720730E-11   1.04619820E-11   8.74329775E-12   7.35116915E-12   6.29401089E-12   5.54325856E-12   5.06669489E-12   4.83892180E-12   4.84333450E-12   5.07125635E-12   5.52033029E-12   6.19293072E-12   7.09481649E-12   8.23406534E-12   9.62027159E-12   1.12639464E-11   1.31760826E-11   1.53678355E-11
   2.31451646E-11   2.84824959E-11   2.80294260E-11   2.48163486E-11   2.10891270E-11   1.78016751E-11   1.52446025E-11   1.34572839E-11   1.24066096E-11   1.20526358E-11   1.23684578E-11   1.33432007E-11   1.49795731E-11   1.72902768E-11   2.02947468E-11   2.40165735E-11   2.84815574E-11   3.37162451E-11   3.97468100E-11   4.65981143E-11   5.42929660E-11
   4.62796260E-11   5.70196355E-11   5.62206219E-11   4.99945328E-11   4.28966446E-11   3.69049166E-11   3.26758932E-11   3.03653110E-11   2.99807852E-11   3.15088060E-11   3.49518192E-11   4.03334588E-11   4.76941854E-11   5.70850346E-11   6.85616772E-11   8.21792426E-11   9.79879164E-11   1.16029339E-10   1.36333791E-10   1.58918184E-10   1.83784932E-10
   9.26626206E-11   1.14400246E-10   1.13208755E-10   1.01527856E-10   8.87187476E-11   7.89903004E-11   7.38956327E-11   7.39557929E-11   7.93540164E-11   9.01882874E-11   1.06549575E-10   1.28535904E-10   1.56243796E-10   1.89753255E-10   2.29112992E-10   2.74329087E-10   3.25357991E-10   3.82104209E-10   4.44421333E-10   5.12115961E-10   5.84953253E-10
   1.85938209E-10   2.30376648E-10   2.29550601E-10   2.09181644E-10   1.88876817E-10   1.77814499E-10   1.79683671E-10   1.95927108E-10   2.27154254E-10   2.73663231E-10   3.35593026E-10   4.12939183E-10   5.05532838E-10   6.13024298E-10   7.34882433E-10   8.70409467E-10   1.01876585E-09   1.17899956E-09   1.35007661E-09   1.53090884E-09   1.72037840E-09
   3.74441228E-10   4.66829020E-10   4.71116590E-10   4.41731235E-10   4.20499968E-10   4.27511249E-10   4.71105766E-10   5.54515656E-10   6.78708312E-10   8.43394299E-10   1.04736186E-09   1.28863409E-09   1.56460944E-09   1.87221327E-09   2.20804997E-09   2.56854094E-09   2.95003977E-09   3.34892580E-09   3.76167364E-09   4.18490620E-09   4.61543204E-09
   7.58448859E-10   9.55817536E-10   9.86458693E-10   9.68343850E-10   9.91240090E-10   1.09801435E-09   1.30529743E-09   1.61688263E-09   2.02967154E-09   2.53641574E-09   3.12730908E-09   3.79109943E-09   4.51590587E-09   5.28980948E-09   6.10125905E-09   6.93934643E-09   7.79397524E-09   8.65596128E-09   9.51708223E-09   1.03700861E-08   1.12086820E-08
   1.55073043E-09   1.98958161E-09   2.12813367E-09   2.22580288E-09   2.47286414E-09   2.95292835E-09   3.68617159E-09   4.65974814E-09   5.84434412E-09   7.20338544E-09   8.69830341E-09   1.02915410E-08   1.19482078E-08   1.36369387E-08   1.53302757E-08   1.70047461E-08   1.86407831E-08   2.02224975E-08   2.17374154E-08   2.31761472E-08   2.45320440E-08
   3.21724447E-09   4.24219371E-09   4.76744333E-09   5.36319567E-09   6.40946585E-09   8.02676059E-09   1.01866595E-08   1.27945974E-08   1.57346829E-08   1.88916705E-08   2.21610073E-08   2.54529375E-08   2.86936110E-08   3.18246798E-08   3.48021096E-08   3.75945781E-08   4.01817282E-08   4.25523794E-08   4.47028192E-08   4.66352219E-08   4.83562417E-08
   6.81774592E-09   9.32105593E-09   1.10902514E-08   1.33346099E-08   1.66950258E-08   2.12086206E-08   2.66288875E-08   3.26291918E-08   3.88958803E-08   4.51642457E-08   5.12284011E-08   5.69396157E-08   6.21996890E-08   6.69524596E-08   7.11750801E-08   7.48698028E-08   7.80568570E-08   8.07684302E-08   8.30439149E-08   8.49261639E-08   8.64588472E-08
   1.48438222E-08   2.11004778E-08   2.64468909E-08   3.32023511E-08   4.21320294E-08   5.28043103E-08   6.44009504E-08   7.61304904E-08   8.73751844E-08   9.77170487E-08   1.06915856E-07   1.14871405E-07   1.21584407E-07   1.27122064E-07   1.31590681E-07   1.35115258E-07   1.37825268E-07   1.39845582E-07   1.41291054E-07   1.42263943E-07   1.42853040E-07
   3.32328298E-08   4.86893867E-08   6.30132604E-08   8.00603104E-08   1.00086908E-07   1.21420030E-07   1.42218227E-07   1.61146247E-07   1.77471136E-07   1.90947304E-07   2.01656945E-07   2.09869469E-07   2.15937973E-07   2.20231826E-07   2.23097743E-07   2.24840861E-07   2.25718352E-07   2.25940539E-07   2.25675521E-07   2.25055345E-07   2.24182301E-07
   7.58734586E-08   1.12060903E-07   1.45565480E-07   1.81956153E-07   2.19612474E-07   2.54810033E-07   2.84888444E-07   3.08797638E-07   3.26672335E-07   3.39280604E-07   3.47614133E-07   3.52648698E-07   3.55232316E-07   3.56050862E-07   3.55633915E-07   3.54377562E-07   3.52571078E-07   3.50421828E-07   3.48076327E-07   3.45636494E-07   3.43172104E-07
   1.73317943E-07   2.50432493E-07   3.17857513E-07   3.82695987E-07   4.40234544E-07   4.85849910E-07   5.18545050E-07   5.39877419E-07   5.52358472E-07   5.58465331E-07   5.60234241E-07   5.59186105E-07   5.56392649E-07   5.52580559E-07   5.48228684E-07   5.43645399E-07   5.39024484E-07   5.34484286E-07   5.30093928E-07   5.25891153E-07   5.21893526E-07
   3.86339480E-07   5.31410137E-07   6.45363286E-07   7.37993503E-07   8.05046227E-07   8.47172487E-07   8.69678900E-07   8.78727121E-07   8.79361210E-07   8.75112903E-07   8.68251504E-07   8.60159616E-07   8.51647258E-07   8.43171790E-07   8.34979346E-07   8.27192252E-07   8.19861043E-07   8.12996120E-07   8.06585660E-07   8.00606301E-07   7.95029791E-07
   8.21730225E-07   1.05485947E-06   1.20829645E-06   1.30581839E-06   1.35733080E-06   1.37699260E-06   1.37783275E-06   1.36882761E-06   1.35530126E-06   1.34015227E-06   1.32486616E-06   1.31015736E-06   1.29633418E-06   1.28349723E-06   1.27164435E-06   1.26072507E-06   1.25066890E-06   1.24139990E-06   1.23284372E-06   1.22493077E-06   1.21759740E-06
   1.64175310E-06   1.94377890E-06   2.09048267E-06   2.14971828E-06   2.15920136E-06   2.14453098E-06   2.12011128E-06   2.09296172E-06   2.06618802E-06   2.04102980E-06   2.01788384E-06   1.99677993E-06   1.97759800E-06   1.96016526E-06   1.94429845E-06   1.92982316E-06   1.91658023E-06   1.90442870E-06   1.89324408E-06   1.88291790E-06   1.87335593E-06
   3.05752837E-06   3.33405296E-06   3.39602252E-06   3.37805704E-06   3.33327284E-06   3.28297801E-06   3.23474728E-06   3.19080823E-06   3.15146622E-06   3.11639178E-06   3.08508857E-06   3.05705726E-06   3.03184925E-06   3.00907800E-06   2.98841610E-06   2.96958774E-06   2.95236123E-06   2.93654057E-06   2.92196023E-06   2.90847925E-06   2.89597665E-06
   5.31415208E-06   5.40475776E-06   5.31615706E-06   5.20685353E-06   5.10843438E-06   5.02421517E-06   4.95226004E-06   4.89026615E-06   4.83634994E-06   4.78904894E-06   4.74722538E-06   4.70998157E-06   4.67660084E-06   4.64650702E-06   4.61923037E-06   4.59438661E-06   4.57165743E-06   4.55077861E-06   4.53152688E-06   4.51371579E-06   4.49718482E-06
   8.71192879E-06   8.46869716E-06   8.20432615E-06   8.00153884E-06   7.84598069E-06   7.72174280E-06   7.61906176E-06   7.53215409E-06   7.45738271E-06   7.39227744E-06   7.33504748E-06   7.28433497E-06   7.23907715E-06   7.19842683E-06   7.16170052E-06   7.12834026E-06   7.09788765E-06   7.06996343E-06   7.04425156E-06   7.02048692E-06   6.99844577E-06
   1.37340548E-05   1.30757699E-05   1.26231298E-05   1.23143473E-05   1.20884470E-05   1.19128154E-05   1.17703112E-05   1.16512583E-05   1.15497214E-05   1.14617796E-05   1.13846872E-05   1.13164415E-05   1.12555263E-05   1.12007710E-05   1.11512481E-05   1.11062154E-05   1.10650690E-05   1.10273095E-05   1.09925231E-05   1.09603607E-05   1.09305265E-05
   2.12212326E-05   2.01057337E-05   1.94366348E-05   1.89964394E-05   1.86790021E-05   1.84341607E-05   1.82366512E-05   1.80725074E-05   1.79332310E-05   1.78132068E-05   1.77084767E-05   1.76161357E-05   1.75339883E-05   1.74603301E-05   1.73938279E-05   1.73334247E-05   1.72782620E-05   1.72276486E-05   1.71810116E-05   1.71378761E-05   1.70978419E-05
   3.25928559E-05   3.09528659E-05   3.00116353E-05   2.93989287E-05   2.89598975E-05   2.86230807E-05   2.83523532E-05   2.81277098E-05   2.79370943E-05   2.77726958E-05   2.76291285E-05   2.75024995E-05   2.73898768E-05   2.72889956E-05   2.71980643E-05   2.71156368E-05   2.70405399E-05   2.69718039E-05   2.69086231E-05   2.68503227E-05   2.67963369E-05
   5.00802016E-05   4.77847716E-05   4.64821496E-05   4.56358321E-05   4.50312255E-05   4.45693804E-05   4.41998163E-05   4.38942880E-05   4.36356604E-05   4.34128087E-05   4.32181041E-05   4.30460859E-05   4.28927233E-05   4.27549421E-05   4.26303486E-05   4.25170547E-05   4.24135214E-05   4.23184974E-05   4.22309495E-05   4.21500044E-05   4.20749202E-05
   7.71319828E-05   7.39788520E-05   7.21857286E-05   7.10154418E-05   7.01769459E-05   6.95363560E-05   6.90251327E-05   6.86045314E-05   6.82506725E-05   6.79477671E-05   6.76847922E-05   6.74537805E-05   6.72487877E-05   6.70652735E-05   6.68997382E-05   6.67494096E-05   6.66120904E-05   6.64860054E-05   6.63697065E-05   6.62620005E-05   6.61618833E-05
   1.19132914E-04   1.14835442E-04   1.12377304E-04   1.10767505E-04   1.09613422E-04   1.08732100E-04   1.08028747E-04   1.07449552E-04   1.06961481E-04   1.06542881E-04   1.06178813E-04   1.05858555E-04   1.05574152E-04   1.05319552E-04   1.05090046E-04   1.04881910E-04   1.04692139E-04   1.04518294E-04   1.04358354E-04   1.04210645E-04   1.04073755E-04
   1.84590215E-04   1.78718066E-04   1.75342459E-04   1.73126915E-04   1.71538297E-04   1.70325657E-04   1.69358012E-04   1.68560873E-04   1.67888662E-04   1.67311664E-04   1.66809506E-04   1.66367608E-04   1.65975172E-04   1.65623976E-04   1.65307618E-04   1.65020989E-04   1.64759986E-04   1.64521232E-04   1.64301920E-04   1.64099722E-04   1.63912642E-04
   2.86744820E-04   2.78734195E-04   2.74100486E-04   2.71047291E-04   2.68855860E-04   2.67185766E-04   2.65857496E-04   2.64767586E-04   2.63852009E-04   2.63068650E-04   2.62388494E-04   2.61790847E-04   2.61260371E-04   2.60785542E-04   2.60357425E-04   2.59969063E-04   2.59614812E-04   2.59290158E-04   2.58991407E-04   2.58715474E-04   2.58459739E-04
   4.46536200E-04   4.35590569E-04   4.29233827E-04   4.25036094E-04   4.22019599E-04   4.19719261E-04   4.17889212E-04   4.16387542E-04   4.15126444E-04   4.14048176E-04   4.13112924E-04   4.12292196E-04   4.11564921E-04   4.10915032E-04   4.10330074E-04   4.09800181E-04   4.09317436E-04   4.08875378E-04   4.08468710E-04   4.08093038E-04   4.07744665E-04
   6.96858333E-04   6.81893376E-04   6.73171191E-04   6.67399901E-04   6.63249579E-04   6.60085236E-04   6.57569675E-04   6.55507727E-04   6.53777970E-04   6.52300601E-04   6.51020673E-04   6.49898779E-04   6.48905931E-04   6.48020126E-04   6.47224369E-04   6.46505156E-04   6.45851658E-04   6.45255030E-04   6.44707994E-04   6.44204323E-04   6.43738953E-04
