          51          21
   1.0000000000000000E-003   1.2589254117941675E-003   1.5848931924611141E-003   1.9952623149688789E-003   2.5118864315095794E-003   3.1622776601683794E-003   3.9810717055349734E-003   5.0118723362727246E-003   6.3095734448019303E-003   7.9432823472428138E-003   1.0000000000000000E-002   1.2589254117941675E-002   1.5848931924611141E-002   1.9952623149688799E-002   2.5118864315095808E-002   3.1622776601683791E-002   3.9810717055349734E-002   5.0118723362727248E-002   6.3095734448019331E-002   7.9432823472428180E-002  0.10000000000000001       0.12589254117941676       0.15848931924611143       0.19952623149688808       0.25118864315095824       0.31622776601683794       0.39810717055349731       0.50118723362727247       0.63095734448019358       0.79432823472428216        1.0000000000000000        1.2589254117941675        1.5848931924611140        1.9952623149688808        2.5118864315095824        3.1622776601683795        3.9810717055349731        5.0118723362727247        6.3095734448019360        7.9432823472428211        10.000000000000000        12.589254117941687        15.848931924611142        19.952623149688787        25.118864315095820        31.622776601683793        39.810717055349777        50.118723362727252        63.095734448019428        79.432823472428211        100.00000000000000     
   200.00000000000000        290.00000000000000        380.00000000000000        470.00000000000000        560.00000000000000        650.00000000000000        740.00000000000000        830.00000000000000        920.00000000000000        1010.0000000000000        1100.0000000000000        1190.0000000000000        1280.0000000000000        1370.0000000000000        1460.0000000000000        1550.0000000000000        1640.0000000000000        1730.0000000000000        1820.0000000000000        1910.0000000000000        2000.0000000000000     
   3.68096007E-05   1.06752150E-05   1.75253228E-06   4.80263054E-07   3.23963974E-07   3.57702362E-07   4.40583818E-07   5.45334217E-07   6.65461187E-07   7.99150541E-07   9.45831744E-07   1.10531312E-06   1.27753242E-06   1.46247737E-06   1.66015730E-06   1.87059311E-06   2.09381255E-06   2.32984917E-06   2.57874103E-06   2.84053135E-06   3.11526901E-06
   5.83481014E-05   1.69224604E-05   2.77814388E-06   7.61272076E-07   5.13474333E-07   5.66928406E-07   6.98282179E-07   8.64299523E-07   1.05468837E-06   1.26657278E-06   1.49904849E-06   1.75181151E-06   2.02476349E-06   2.31788499E-06   2.63119091E-06   2.96471444E-06   3.31849947E-06   3.69259942E-06   4.08707501E-06   4.50199468E-06   4.93743619E-06
   9.24976484E-05   2.68287949E-05   4.40448730E-06   1.20680227E-06   8.13867473E-07   8.98541998E-07   1.10671249E-06   1.36982999E-06   1.67157702E-06   2.00739396E-06   2.37584709E-06   2.77645518E-06   3.20906202E-06   3.67363691E-06   4.17020419E-06   4.69881616E-06   5.25954329E-06   5.85246971E-06   6.47769275E-06   7.13532108E-06   7.82547795E-06
   1.46654507E-04   4.25421313E-05   6.98422264E-06   1.91332401E-06   1.29005741E-06   1.42414592E-06   1.75404591E-06   2.17105344E-06   2.64929258E-06   3.18153343E-06   3.76550292E-06   4.40043777E-06   5.08609082E-06   5.82241455E-06   6.60944715E-06   7.44727322E-06   8.33600461E-06   9.27577548E-06   1.02667409E-05   1.13090746E-05   1.24029721E-05
   2.32571474E-04   6.74783732E-05   1.10782403E-05   3.03410070E-06   2.04501612E-06   2.25725194E-06   2.78003745E-06   3.44093564E-06   4.19890011E-06   5.04246236E-06   5.96801783E-06   6.97435644E-06   8.06108801E-06   9.22813706E-06   1.04755673E-05   1.18035132E-05   1.32121540E-05   1.47017063E-05   1.62724155E-05   1.79245599E-05   1.96584533E-05
   3.68952111E-04   1.07080741E-04   1.75804162E-05   4.81296047E-06   3.24216899E-06   3.57783665E-06   4.40621807E-06   5.45363582E-06   6.65494508E-06   7.99194459E-06   9.45891679E-06   1.10539431E-05   1.27764069E-05   1.46261937E-05   1.66034060E-05   1.87082642E-05   2.09410537E-05   2.33021237E-05   2.57918691E-05   2.84107373E-05   3.11592303E-05
   5.85632224E-04   1.70049898E-04   2.79198048E-05   7.63866410E-06   5.14109615E-06   5.67132611E-06   6.98377607E-06   8.64373305E-06   1.05477202E-05   1.26668319E-05   1.49919906E-05   1.75201549E-05   2.02503561E-05   2.31824179E-05   2.63165148E-05   2.96530015E-05   3.31923475E-05   3.69351183E-05   4.08819506E-05   4.50335720E-05   4.93907864E-05
   9.30383569E-04   2.70360673E-04   4.43923454E-05   1.21331723E-05   8.15462681E-06   8.99054885E-06   1.10695219E-05   1.37001525E-05   1.67178714E-05   2.00767136E-05   2.37622535E-05   2.77696763E-05   3.20974541E-05   3.67453322E-05   4.17136071E-05   4.70028717E-05   5.26139011E-05   5.85476118E-05   6.48050627E-05   7.13874324E-05   7.82960342E-05
   1.48014200E-03   4.30626707E-04   7.07147119E-05   1.92968255E-05   1.29406299E-05   1.42543377E-05   1.75464756E-05   2.17151864E-05   2.64982064E-05   3.18223028E-05   3.76645294E-05   4.40172480E-05   5.08780795E-05   5.82466600E-05   6.61235244E-05   7.45096841E-05   8.34064340E-05   9.28153167E-05   1.02738079E-04   1.13176691E-04   1.24133352E-04
   2.35993485E-03   6.87855412E-04   1.12972688E-04   3.07516566E-05   2.05507149E-05   2.26048505E-05   2.78154839E-05   3.44210421E-05   4.20022625E-05   5.04421296E-05   5.97040416E-05   6.97758951E-05   8.06540047E-05   9.23379193E-05   1.04828650E-04   1.18127951E-04   1.32238070E-04   1.47161642E-04   1.62901662E-04   1.79461480E-04   1.96844820E-04
   3.77578661E-03   1.10363145E-03   1.81300784E-04   4.91600840E-05   3.26740192E-05   3.58595025E-05   4.41001102E-05   5.45657022E-05   6.65827538E-05   7.99634145E-05   9.46491054E-05   1.10620640E-04   1.27872394E-04   1.46403981E-04   1.66217374E-04   1.87315774E-04   2.09703227E-04   2.33384388E-04   2.58364540E-04   2.84649606E-04   3.12246062E-04
   6.07453240E-03   1.78293232E-03   2.92984565E-04   7.89709011E-05   5.20437643E-05   5.69167642E-05   6.99329321E-05   8.65109978E-05   1.05560830E-04   1.26778745E-04   1.50070453E-04   1.75405541E-04   2.02775642E-04   2.32180959E-04   2.63625552E-04   2.97115592E-04   3.32658587E-04   3.70263238E-04   4.09939297E-04   4.51697502E-04   4.95549815E-04
   9.85992514E-03   2.91076768E-03   4.78472677E-04   1.27805761E-04   8.31315629E-05   9.04154076E-05   1.10933826E-04   1.37186405E-04   1.67388687E-04   2.01044473E-04   2.38000648E-04   2.78209074E-04   3.21657892E-04   3.68349400E-04   4.18292417E-04   4.71499399E-04   5.27985219E-04   5.87766757E-04   6.50862872E-04   7.17294286E-04   7.87083874E-04
   1.62428096E-02   4.82822442E-03   7.93628569E-04   2.09160251E-04   1.33371068E-04   1.43819110E-04   1.76062356E-04   2.17615539E-04   2.65509152E-04   3.18919454E-04   3.77594872E-04   4.41459153E-04   5.10496902E-04   5.84716967E-04   6.64139225E-04   7.48790160E-04   8.38700624E-04   9.33905423E-04   1.03444292E-03   1.14035525E-03   1.25168834E-03
   2.74870936E-02   8.20604619E-03   1.34624983E-03   3.47971305E-04   2.15410924E-04   2.29236626E-04   2.79650267E-04   3.45372857E-04   4.21345583E-04   5.06169919E-04   5.99424995E-04   7.00990087E-04   8.10849655E-04   9.29030357E-04   1.05557882E-03   1.19055388E-03   1.33402285E-03   1.48606091E-03   1.64675037E-03   1.81618112E-03   1.99445104E-03
   4.92570065E-02   1.45347640E-02   2.36346154E-03   5.93924895E-04   3.51770519E-04   3.66648950E-04   4.44773788E-04   5.48583397E-04   6.69153116E-04   8.04027019E-04   9.52479953E-04   1.11432059E-03   1.28954602E-03   1.47823000E-03   1.68048474E-03   1.89644564E-03   2.12626602E-03   2.37011560E-03   2.62817927E-03   2.90065841E-03   3.18777235E-03
  0.101667821       2.82925870E-02   4.47837450E-03   1.07493950E-03   5.90022188E-04   5.91393677E-04   7.09503598E-04   8.72736156E-04   1.06408063E-03   1.27887563E-03   1.51577150E-03   1.77444518E-03   2.05493858E-03   2.35744612E-03   2.68223975E-03   3.02964123E-03   3.40001192E-03   3.79374996E-03   4.21128981E-03   4.65310551E-03   5.11971163E-03
  0.263791531       6.66804165E-02   1.01374481E-02   2.25807168E-03   1.06935110E-03   9.78781958E-04   1.14145316E-03   1.39360607E-03   1.69628928E-03   2.03881785E-03   2.41810689E-03   2.83343415E-03   3.28492327E-03   3.77305294E-03   4.29848535E-03   4.86200489E-03   5.46449423E-03   6.10693311E-03   6.79039955E-03   7.51608238E-03   8.28529615E-03
  0.443310350       9.75377187E-02   1.43420938E-02   3.24963056E-03   1.61727972E-03   1.53211260E-03   1.80864031E-03   2.21787090E-03   2.70574144E-03   3.25781084E-03   3.87032516E-03   4.54289652E-03   5.27638802E-03   6.07223855E-03   6.93223719E-03   7.85845518E-03   8.85324087E-03   9.91924386E-03   1.10594658E-02   1.22773238E-02   1.35767236E-02
  0.431811184       7.21985474E-02   1.04026990E-02   2.88437144E-03   2.02342076E-03   2.27766391E-03   2.82967836E-03   3.52400984E-03   4.32570279E-03   5.22711826E-03   6.22813543E-03   7.33121019E-03   8.54000635E-03   9.85902548E-03   1.12935668E-02   1.28498254E-02   1.45350471E-02   1.63577273E-02   1.83278024E-02   2.04568189E-02   2.27580331E-02
  0.330812842       4.10426185E-02   6.35480508E-03   2.73432909E-03   2.78015155E-03   3.50803370E-03   4.48874244E-03   5.64586604E-03   6.96689216E-03   8.45418777E-03   1.01149334E-02   1.19589176E-02   1.39982672E-02   1.62477419E-02   1.87252089E-02   2.14520581E-02   2.44534221E-02   2.77580358E-02   3.13976854E-02   3.54061984E-02   3.98180932E-02
  0.196920022       1.92324724E-02   4.10729833E-03   3.27536208E-03   4.18924121E-03   5.55835059E-03   7.21356878E-03   9.13777296E-03   1.13422982E-02   1.38476891E-02   1.66811347E-02   1.98771451E-02   2.34785657E-02   2.75368430E-02   3.21109109E-02   3.72645222E-02   4.30622213E-02   4.95644920E-02   5.68228140E-02   6.48753047E-02   7.37434551E-02
   8.04133415E-02   7.66921695E-03   3.66401486E-03   4.72826231E-03   6.62155636E-03   8.96402076E-03   1.17440075E-02   1.50012579E-02   1.87940337E-02   2.31988281E-02   2.83122081E-02   3.42485011E-02   4.11317386E-02   4.90828417E-02   5.82048446E-02   6.85694218E-02   8.02073106E-02   9.31039527E-02  0.107200317      0.122398071      0.138567537    
   2.59461217E-02   4.18684911E-03   4.87825694E-03   7.45028770E-03   1.07218018E-02   1.46935834E-02   1.94830075E-02   2.52495613E-02   3.21966410E-02   4.05612998E-02   5.05829304E-02   6.24601059E-02   7.63106197E-02   9.21468660E-02  0.109871112      0.129288450      0.150131181      0.172087684      0.194830269      0.218038037      0.241413802    
   1.20666018E-02   4.59677354E-03   7.61745125E-03   1.21039236E-02   1.76992342E-02   2.46829707E-02   3.34616303E-02   4.45138142E-02   5.82997017E-02   7.51347095E-02   9.50920358E-02  0.117974684      0.143355221      0.170655429      0.199234396      0.228462934      0.257774919      0.286695004      0.314847708      0.341953844      0.367819846    
   6.94092596E-03   6.54296298E-03   1.23309596E-02   2.00891923E-02   3.01273149E-02   4.33734842E-02   6.07995018E-02   8.30358937E-02  0.110094316      0.141344205      0.175706074      0.211920545      0.248776123      0.285248339      0.320554495      0.354151100      0.385701001      0.415029973      0.442084372      0.466894597      0.489546329    
   5.71520347E-03   1.02689555E-02   2.04802677E-02   3.45705114E-02   5.40826060E-02   8.07286724E-02  0.114914648      0.155438811      0.200065911      0.246335760      0.292135507      0.335934281      0.376780421      0.414190590      0.448015094      0.478320628      0.505301237      0.529216588      0.550351739      0.568992674      0.585411906    
   7.09100580E-03   1.68359634E-02   3.53583209E-02   6.29871264E-02  0.101976089      0.151585102      0.207924336      0.266247779      0.322712749      0.374923736      0.421744525      0.462897390      0.498603851      0.529332578      0.555644631      0.578106940      0.597248793      0.613543332      0.627403140      0.639182508      0.649183035    
   1.06907170E-02   2.86597423E-02   6.46229535E-02  0.119090907      0.187739700      0.261675835      0.332922578      0.396901727      0.451964259      0.498191535      0.536459863      0.567898571      0.593624830      0.614634633      0.631772220      0.645734429      0.657088935      0.666295469      0.673725903      0.679681659      0.684408069    
   1.73209552E-02   5.13588972E-02  0.121599481      0.214354575      0.309135973      0.393319666      0.462812185      0.518109202      0.561347604      0.594898701      0.620853126      0.640900671      0.656356037      0.668226779      0.677281916      0.684110105      0.689165413      0.692800939      0.695294499      0.696866930      0.697695971    
   2.93523390E-02   9.49498415E-02  0.214962751      0.339345962      0.440671980      0.516305983      0.571108401      0.610487878      0.638748825      0.659012079      0.673476219      0.683685064      0.690732002      0.695402980      0.698273361      0.699772060      0.700225174      0.699884892      0.698949099      0.697575152      0.695889235    
   5.18783294E-02  0.166376382      0.330868453      0.463572621      0.552246869      0.609244943      0.645880222      0.669505775      0.684642911      0.694094062      0.699644506      0.702471256      0.703378022      0.702932417      0.701546848      0.699528039      0.697107911      0.694463253      0.691729009      0.689007640      0.686375737    
   9.25904214E-02  0.256791770      0.438929558      0.559336126      0.627985775      0.666377246      0.687754750      0.699249446      0.704761088      0.706537783      0.705955148      0.703902364      0.700979471      0.697603166      0.694066465      0.690574706      0.687268853      0.684241652      0.681549370      0.679221213      0.677266002    
  0.159743011      0.352275312      0.522969067      0.620944321      0.670160830      0.693779409      0.704087377      0.707226694      0.706427395      0.703514159      0.699581444      0.695309699      0.691124260      0.687283576      0.683932960      0.681140542      0.678922653      0.677261770      0.676119983      0.675447941      0.675191641    
  0.261872709      0.457048804      0.594495654      0.663770914      0.693848193      0.704807639      0.706573188      0.704009235      0.699637413      0.694819868      0.690290749      0.686419368      0.683357418      0.681128085      0.679682374      0.678935349      0.678788304      0.679142118      0.679904401      0.680992842      0.682336509    
  0.380114645      0.563184440      0.660515487      0.700014710      0.711712420      0.711570024      0.706920147      0.701150954      0.695811391      0.691536486      0.688495934      0.686631858      0.685788810      0.685782909      0.686436534      0.687593579      0.689123631      0.690921605      0.692904651      0.695008457      0.697183907    
  0.476568073      0.642221868      0.709016800      0.726730764      0.725589156      0.718782842      0.711521804      0.705652237      0.701606095      0.699253619      0.698284268      0.698369503      0.699223638      0.700618684      0.702381015      0.704381943      0.706527770      0.708751142      0.711004078      0.713252842      0.715474129    
  0.558400631      0.694879234      0.739130795      0.744288743      0.737685859      0.729700327      0.723460793      0.719451368      0.717340827      0.716647029      0.716945291      0.717911720      0.719313860      0.720989883      0.722828627      0.724754512      0.726716459      0.728680253      0.730623186      0.732530415      0.734392464    
  0.635071754      0.733434439      0.760427654      0.760365486      0.753908634      0.747851491      0.743628323      0.741107643      0.739861846      0.739507079      0.739760160      0.740423977      0.741363585      0.742486417      0.743728280      0.745044231      0.746402383      0.747779965      0.749160647      0.750532568      0.751887262    
  0.703490794      0.771289110      0.788112044      0.786573291      0.780722082      0.775063813      0.770608425      0.767360866      0.765106201      0.763622701      0.762727559      0.762279451      0.762170613      0.762319326      0.762662947      0.763153553      0.763754070      0.764435828      0.765176356      0.765958369      0.766768277    
  0.758789241      0.812316000      0.825574934      0.822504640      0.814716876      0.806737244      0.799927175      0.794497252      0.790301919      0.787118912      0.784739017      0.782988429      0.781729639      0.780855596      0.780283511      0.779949069      0.779802442      0.779804468      0.779924452      0.780138075      0.780426025    
  0.794385731      0.841481030      0.853356004      0.849120378      0.839713693      0.829964161      0.821467042      0.814520597      0.808992445      0.804646134      0.801250517      0.798609912      0.796567082      0.794998109      0.793805957      0.792914629      0.792264462      0.791808546      0.791509628      0.791338027      0.791270077    
  0.817904532      0.861628771      0.872745752      0.868192554      0.858311772      0.847909808      0.838669002      0.830956399      0.824679196      0.819620490      0.815557659      0.812297344      0.809681654      0.807584405      0.805905759      0.804566562      0.803504109      0.802668273      0.802019060      0.801524103      0.801157236    
  0.839559793      0.878333747      0.887981594      0.883454740      0.873686731      0.863141358      0.853546381      0.845366180      0.838577390      0.833002210      0.828437269      0.824697316      0.821627021      0.819100142      0.817015767      0.815293372      0.813868880      0.812690914      0.811718345      0.810917974      0.810262740    
  0.856522977      0.889951050      0.898899674      0.895205379      0.886172473      0.875905752      0.866217017      0.857715786      0.850488484      0.844427049      0.839368761      0.835151374      0.831631362      0.828688085      0.826222062      0.824152350      0.822413027      0.820950508      0.819720924      0.818688512      0.817823708    
  0.869633496      0.898435175      0.907147169      0.904632330      0.896702945      0.887074053      0.877607346      0.869046867      0.861591458      0.855208457      0.849782169      0.845178723      0.841271460      0.837949693      0.835119784      0.832703948      0.830638051      0.828869045      0.827353299      0.826054633      0.824943006    
  0.879495144      0.904591203      0.913383722      0.912214637      0.905589700      0.896818995      0.887781143      0.879343390      0.871817946      0.865252614      0.859583497      0.854708791      0.850520968      0.846920550      0.843820333      0.841145992      0.838835061      0.836835146      0.835102677      0.833601117      0.832299888    
  0.887043118      0.909198165      0.918175101      0.918353558      0.913121760      0.905354559      0.896892846      0.888700485      0.881197989      0.874517381      0.868652701      0.863539577      0.859094501      0.855232656      0.851875961      0.848955452      0.846411586      0.844193757      0.842258871      0.840570509      0.839097738    
  0.892620504      0.912568331      0.921802640      0.923289359      0.919505417      0.912880301      0.905159771      0.897366285      0.890014470      0.883319676      0.877338290      0.872048795      0.867396116      0.863313854      0.859735370      0.856598854      0.853848994      0.851437449      0.849322259      0.847467422      0.845841944    
  0.896761239      0.915035605      0.924513876      0.927185297      0.924822271      0.919427812      0.912602484      0.905380785      0.898343921      0.891778409      0.885799110      0.880428493      0.875642478      0.871396422      0.867638528      0.864317060      0.861383498      0.858793974      0.856509447      0.854495585      0.852722406    
  0.899790645      0.916820168      0.926510215      0.930220783      0.929206848      0.925080061      0.919257939      0.912743807      0.906158268      0.899846792      0.893979847      0.888624370      0.883789599      0.879454970      0.875585437      0.872140944      0.869080901      0.866366684      0.863962710      0.861836910      0.859960496    
