          51          21
   1.0000000000000000E-003   1.2589254117941675E-003   1.5848931924611141E-003   1.9952623149688789E-003   2.5118864315095794E-003   3.1622776601683794E-003   3.9810717055349734E-003   5.0118723362727246E-003   6.3095734448019303E-003   7.9432823472428138E-003   1.0000000000000000E-002   1.2589254117941675E-002   1.5848931924611141E-002   1.9952623149688799E-002   2.5118864315095808E-002   3.1622776601683791E-002   3.9810717055349734E-002   5.0118723362727248E-002   6.3095734448019331E-002   7.9432823472428180E-002  0.10000000000000001       0.12589254117941676       0.15848931924611143       0.19952623149688808       0.25118864315095824       0.31622776601683794       0.39810717055349731       0.50118723362727247       0.63095734448019358       0.79432823472428216        1.0000000000000000        1.2589254117941675        1.5848931924611140        1.9952623149688808        2.5118864315095824        3.1622776601683795        3.9810717055349731        5.0118723362727247        6.3095734448019360        7.9432823472428211        10.000000000000000        12.589254117941687        15.848931924611142        19.952623149688787        25.118864315095820        31.622776601683793        39.810717055349777        50.118723362727252        63.095734448019428        79.432823472428211        100.00000000000000     
   200.00000000000000        290.00000000000000        380.00000000000000        470.00000000000000        560.00000000000000        650.00000000000000        740.00000000000000        830.00000000000000        920.00000000000000        1010.0000000000000        1100.0000000000000        1190.0000000000000        1280.0000000000000        1370.0000000000000        1460.0000000000000        1550.0000000000000        1640.0000000000000        1730.0000000000000        1820.0000000000000        1910.0000000000000        2000.0000000000000     
   4.54052768E-10   2.89479662E-10   6.46833920E-10   1.69387859E-09   4.14234513E-09   9.27119714E-09   1.91731431E-08   3.70824154E-08   6.77786716E-08   1.18070396E-07   1.97361402E-07   3.18302511E-07   4.97529186E-07   7.56483303E-07   1.12231476E-06   1.62885556E-06   2.31765330E-06   3.23904987E-06   4.45328033E-06   6.03156650E-06   8.05716809E-06
   9.06017927E-10   5.77599524E-10   1.29060729E-09   3.37973427E-09   8.26506685E-09   1.84984756E-08   3.82554610E-08   7.39891775E-08   1.35236277E-07   2.35581538E-07   3.93788014E-07   6.35097422E-07   9.92701871E-07   1.50938342E-06   2.23931329E-06   3.24999451E-06   4.62432490E-06   6.46274748E-06   8.88544400E-06   1.20345167E-05   1.60760810E-05
   1.80794424E-09   1.15249943E-09   2.57511279E-09   6.74346268E-09   1.64909828E-08   3.69093236E-08   7.63297123E-08   1.47627901E-07   2.69832043E-07   4.70047354E-07   7.85711052E-07   1.26718703E-06   1.98070211E-06   3.01161776E-06   4.46801823E-06   6.48458808E-06   9.22672643E-06   1.28948377E-05   1.77287020E-05   2.40118297E-05   3.20756299E-05
   3.60795727E-09   2.29965513E-09   5.13806553E-09   1.34549980E-08   3.29038556E-08   7.36438182E-08   1.52297901E-07   2.94556628E-07   5.38386246E-07   9.37868833E-07   1.56770159E-06   2.52837344E-06   3.95202414E-06   6.00896919E-06   8.91486252E-06   1.29384262E-05   1.84096607E-05   2.57283918E-05   3.53729993E-05   4.79090704E-05   6.39977152E-05
   7.20082305E-09   4.58878313E-09   1.02519140E-08   2.68463136E-08   6.56518822E-08   1.46938859E-07   3.03874572E-07   5.87718489E-07   1.07422352E-06   1.87129751E-06   3.12798102E-06   5.04477521E-06   7.88532907E-06   1.19894612E-05   1.77874390E-05   2.58153977E-05   3.67317080E-05   5.13340165E-05   7.05765997E-05   9.55875948E-05   1.27685547E-04
   1.43738443E-08   9.15698539E-09   2.04556567E-08   5.35656426E-08   1.30992916E-07   2.93181955E-07   6.06310437E-07   1.17265483E-06   2.14336228E-06   3.73373791E-06   6.24115455E-06   1.00656598E-05   1.57332888E-05   2.39220317E-05   3.54903168E-05   5.15077263E-05   7.32876069E-05   1.02420985E-04   1.40811040E-04   1.90707331E-04   2.54738348E-04
   2.86994641E-08   1.82742372E-08   4.08156531E-08   1.06878147E-07   2.61365841E-07   5.84976078E-07   1.20975130E-06   2.33976061E-06   4.27658324E-06   7.44980753E-06   1.24527633E-05   2.00836239E-05   3.13919008E-05   4.77302201E-05   7.08110601E-05   1.02767917E-04   1.46220162E-04   2.04340293E-04   2.80922279E-04   3.80448852E-04   5.08155441E-04
   5.73253551E-08   3.64733559E-08   8.14418613E-08   2.13251937E-07   5.21495224E-07   1.16718422E-06   2.41377961E-06   4.66845495E-06   8.53293932E-06   1.48643639E-05   2.48465367E-05   4.00719073E-05   6.26342444E-05   9.52317714E-05   1.41280048E-04   2.05033546E-04   2.91714008E-04   4.07643442E-04   5.60378016E-04   7.58839305E-04   1.01343647E-03
   1.14574107E-07   7.28097191E-08   1.62510148E-07   4.25499763E-07   1.04052549E-06   2.32884918E-06   4.81614779E-06   9.31484283E-06   1.70255298E-05   2.96583530E-05   4.95751301E-05   7.99527043E-05   1.24967512E-04   1.90000632E-04   2.81861809E-04   4.09029803E-04   5.81905129E-04   8.13069462E-04   1.11754437E-03   1.51303946E-03   2.02017766E-03
   2.29209974E-07   1.45385513E-07   3.24288408E-07   8.49002959E-07   2.07613834E-06   4.64669620E-06   9.60954640E-06   1.85856770E-05   3.39705257E-05   5.91759854E-05   9.89136533E-05   1.59520001E-04   2.49323144E-04   3.79049190E-04   5.62264118E-04   8.15844978E-04   1.16046984E-03   1.62111269E-03   2.22752569E-03   3.01468140E-03   4.02314682E-03
   4.59182189E-07   2.90421582E-07   6.47156639E-07   1.69404223E-06   4.14249234E-06   9.27146630E-06   1.91737417E-05   3.70835514E-05   6.77800344E-05   1.18069511E-04   1.97349189E-04   3.18252918E-04   4.97377012E-04   7.56079622E-04   1.12134288E-03   1.62667828E-03   2.31304835E-03   3.22976662E-03   4.43532132E-03   5.99805545E-03   7.99662340E-03
   9.21686421E-07   5.80476410E-07   1.29159241E-06   3.38023233E-06   8.26550786E-06   1.84992477E-05   3.82570470E-05   7.39916213E-05   1.35236813E-04   2.35567277E-04   3.93717375E-04   6.34857453E-04   9.92017682E-04   1.50763872E-03   2.23521143E-03   3.24094924E-03   4.60540736E-03   6.42493041E-03   8.81277025E-03   1.18996762E-02   1.58337057E-02
   1.85443150E-06   1.16103320E-06   2.57803208E-06   6.74493413E-06   1.64922658E-05   3.69114459E-05   7.63334901E-05   1.47631086E-04   2.69818614E-04   4.69956489E-04   7.85360113E-04   1.26609707E-03   1.97773171E-03   3.00424057E-03   4.45097126E-03   6.44745119E-03   9.14976466E-03   1.27421254E-02   1.74371433E-02   2.34742053E-02   3.11153121E-02
   3.73733974E-06   2.32339585E-06   5.14617068E-06   1.34590691E-05   3.29073700E-05   7.36491857E-05   1.52304856E-04   2.94548547E-04   5.38283435E-04   9.37399163E-04   1.56608375E-03   2.52360967E-03   3.93942744E-03   5.97828208E-03   8.84489715E-03   1.27875553E-02   1.80996601E-02   2.51180716E-02   3.42168398E-02   4.57948446E-02   6.02561496E-02
   7.50554409E-06   4.64462801E-06   1.02708836E-05   2.68558179E-05   6.56601915E-05   1.46950028E-04   3.03876324E-04   5.87620074E-04   1.07365742E-03   1.86908513E-03   3.12084402E-03   5.02448669E-03   7.83284288E-03   1.18635204E-02   1.75036415E-02   2.52095833E-02   3.54989283E-02   4.89314497E-02   6.60763681E-02   8.74644369E-02  0.113526210    
   1.47362280E-05   9.22287200E-06   2.04773169E-05   5.35765503E-05   1.31004606E-04   2.93191784E-04   6.06233196E-04   1.17205107E-03   2.14061025E-03   3.72384675E-03   6.21056976E-03   9.98090021E-03   1.55178169E-02   2.34120414E-02   3.43550518E-02   4.91138436E-02   6.84811249E-02   9.31968912E-02  0.123843499      0.160725623      0.203758091    
   2.71041717E-05   1.79778308E-05   4.07094740E-05   1.06825690E-04   2.61338340E-04   5.84900961E-04   1.20917242E-03   2.33667903E-03   4.26404225E-03   7.40704359E-03   1.23244729E-02   1.97353289E-02   3.05208005E-02   4.56992276E-02   6.63604587E-02   9.35486853E-02  0.128093198      0.170406595      0.220295474      0.276847243      0.338451892    
   4.74969529E-05   3.46551824E-05   8.08005716E-05   2.12928804E-04   5.21262351E-04   1.16659491E-03   2.41066096E-03   4.65406571E-03   8.47806595E-03   1.46839432E-02   2.43183505E-02   3.86657938E-02   5.91825359E-02   8.73450190E-02  0.124399081      0.171032205      0.227045849      0.291153252      0.361024261      0.433616459      0.505701423    
   7.89996120E-05   6.62324019E-05   1.60191281E-04   4.24299942E-04   1.03946880E-03   2.32574553E-03   4.80124261E-03   9.25092399E-03   1.67921111E-02   2.89129801E-02   4.74442318E-02   7.44100735E-02  0.111708857      0.160621017      0.221244857      0.292082936      0.370038420      0.450935662      0.530399859      0.604727447      0.671419621    
   1.11839785E-04   1.23688485E-04   3.16625490E-04   8.44898459E-04   2.07173964E-03   4.63202875E-03   9.54230037E-03   1.83107685E-02   3.30007151E-02   5.61666824E-02   9.05541703E-02  0.138476908      0.200924993      0.276713997      0.362189651      0.451858908      0.539772987      0.620976090      0.692355931      0.752710879      0.802297115    
   1.55841233E-04   2.34292369E-04   6.27153262E-04   1.68249418E-03   4.12585260E-03   9.20648687E-03   1.88816413E-02   3.59320417E-02   6.38528988E-02  0.106304213      0.165975675      0.243078679      0.334246397      0.432824165      0.530760884      0.621058285      0.699364662      0.764167011      0.816036284      0.856651545      0.888041615    
   2.28734920E-04   4.51985106E-04   1.24491332E-03   3.34918033E-03   8.20143521E-03   1.82184782E-02   3.70215178E-02   6.92995638E-02  0.119894989      0.191855460      0.284020007      0.389847964      0.499067456      0.601469100      0.690178633      0.762575090      0.819268346      0.862525940      0.895062923      0.919390202      0.937573731    
   3.71854636E-04   8.85055750E-04   2.47395271E-03   6.65706443E-03   1.62353124E-02   3.57184559E-02   7.12497532E-02  0.129243299      0.213230938      0.320127845      0.439292163      0.556547761      0.660329282      0.745055437      0.810492992      0.859341741      0.895158589      0.921242237      0.940246701      0.954162419      0.964430153    
   6.77197357E-04   1.74976571E-03   4.91394149E-03   1.31825963E-02   3.18487622E-02   6.86905384E-02  0.132227764      0.226944938      0.347590268      0.478703231      0.602119684      0.705697358      0.785883069      0.844933569      0.887284160      0.917344093      0.938676238      0.953903973      0.964875579      0.972868443      0.978760123    
   1.31118530E-03   3.46878311E-03   9.72911343E-03   2.58824527E-02   6.12855628E-02  0.127157986      0.229973093      0.362788886      0.504941583      0.634030700      0.737585127      0.814210534      0.868417203      0.906012177      0.931983590      0.950021625      0.962681174      0.971682131      0.978172362      0.982919395      0.986440182    
   2.57662381E-03   6.85881032E-03   1.91109367E-02   4.98840734E-02  0.113471411      0.220010549      0.362614721      0.515596390      0.651473403      0.756766617      0.831842005      0.883176327      0.917767406      0.941110671      0.957026184      0.968037665      0.975783169      0.981324732      0.985356033      0.988335848      0.990571797    
   5.07768616E-03   1.34677105E-02   3.69053036E-02   9.26198214E-02  0.196339548      0.344758242      0.508604467      0.653742075      0.763794661      0.840020239      0.890662968      0.923943341      0.945950449      0.960721552      0.970823526      0.977871656      0.982887447      0.986525118      0.989210606      0.991225958      0.992761493    
   9.96932108E-03   2.60611847E-02   6.88700378E-02  0.161138684      0.308364958      0.481902093      0.639429510      0.758287847      0.839024007      0.891438305      0.925163090      0.947085559      0.961611748      0.971456707      0.978285253      0.983128607      0.986636639      0.989227057      0.991173923      0.992660761      0.993812919    
   1.93641745E-02   4.90075052E-02  0.121120311      0.255818874      0.433920443      0.606100440      0.738558233      0.827997684      0.885165989      0.921349585      0.944546998      0.959759295      0.969996452      0.977066636      0.982071161      0.985695004      0.988374114      0.990392208      0.991938293      0.993140936      0.994089246    
   3.68192755E-02   8.76968428E-02  0.196039438      0.366147846      0.551070392      0.701636016      0.804865539      0.870558262      0.911703348      0.937807083      0.954783738      0.966143012      0.973962247      0.979490161      0.983494937      0.986461222      0.988702357      0.990426183      0.991773307      0.992841184      0.993698478    
   6.73813820E-02  0.146171674      0.288684040      0.474685609      0.644311368      0.766546369      0.845386624      0.894674838      0.925748229      0.945831478      0.959208488      0.968393743      0.974884152      0.979592383      0.983089507      0.985742867      0.987794459      0.989407778      0.990695655      0.991737485      0.992590189    
  0.115959175      0.223818943      0.387245595      0.566585422      0.710152686      0.806886375      0.868119299      0.906728625      0.931601882      0.948121071      0.959449649      0.967460752      0.973288000      0.977636099      0.980955243      0.983540714      0.985591233      0.987243414      0.988593400      0.989709973      0.990643382    
  0.182892978      0.311958730      0.477053583      0.635191083      0.752360702      0.829405069      0.878552675      0.910280287      0.931352317      0.945817828      0.956078351      0.963580966      0.969219685      0.973562241      0.976979136      0.979718506      0.981950641      0.983795166      0.985337734      0.986641109      0.987751842    
  0.259257764      0.393554658      0.545415163      0.679014742      0.774624169      0.837681711      0.878879607      0.906389952      0.925369561      0.938922346      0.948919654      0.956512630      0.962428331      0.967139244      0.970961094      0.974110723      0.976740837      0.978961527      0.980854094      0.982479692      0.983885169    
  0.334124088      0.458956063      0.591192782      0.702346146      0.781331599      0.834561348      0.870657504      0.895855188      0.914068043      0.927680612      0.938159764      0.946430564      0.953094423      0.958555162      0.963092446      0.966905832      0.970141530      0.972909153      0.975292444      0.977356791      0.979153752    
  0.403304428      0.510674655      0.620588779      0.711218894      0.776755750      0.822835922      0.855813622      0.880161107      0.898706734      0.913216710      0.924818695      0.934257865      0.942045152      0.948543012      0.954016685      0.958664834      0.962639570      0.966059089      0.969016731      0.971587062      0.973830163    
  0.457193434      0.542206228      0.629865289      0.703500688      0.759582579      0.801782608      0.834088385      0.859360933      0.879506826      0.895810664      0.909167528      0.920222402      0.929452956      0.937220573      0.943803072      0.949416697      0.954231858      0.958383858      0.961981058      0.965111077      0.967845261    
  0.495360166      0.555789292      0.622398973      0.682874382      0.733397663      0.774702668      0.808366477      0.835860729      0.858409762      0.877001762      0.892423630      0.905297101      0.916112065      0.925254405      0.933029056      0.939677954      0.945393980      0.950331986      0.954617023      0.958350599      0.961615622    
  0.518798590      0.554013908      0.602814972      0.654750884      0.703270018      0.745795131      0.781900287      0.812107861      0.837251008      0.858181715      0.875658691      0.890318155      0.902678788      0.913158119      0.922090650      0.929744482      0.936334968      0.942035913      0.946988344      0.951307058      0.955086291    
  0.527829587      0.541834593      0.578839242      0.626681089      0.675280035      0.719623923      0.758103073      0.790730357      0.818134665      0.841097414      0.860365152      0.876587272      0.890305102      0.901961446      0.911914885      0.920455515      0.927817881      0.934192181      0.939733326      0.944568038      0.948800325    
  0.525615454      0.527103603      0.558689058      0.604880989      0.653683424      0.699104071      0.739025712      0.773194194      0.802101970      0.826466262      0.847008586      0.864373803      0.879108906      0.891666651      0.902417362      0.911662698      0.919647992      0.926573157      0.932601750      0.937867880      0.942482173    
  0.518648863      0.516761780      0.546518505      0.591307878      0.639361620      0.684647858      0.724864721      0.759582162      0.789167285      0.814257324      0.835526049      0.853591204      0.868985415      0.882154882      0.893467665      0.903225899      0.911676884      0.919023335      0.925431788      0.931039453      0.935960114    
  0.513175011      0.513105869      0.541404247      0.583627522      0.629487276      0.673339427      0.712814331      0.747301877      0.776998639      0.802411497      0.824123144      0.842690468      0.858607113      0.872294605      0.884106457      0.894336283      0.903226852      0.910979092      0.917759180      0.923705161      0.928931832    
  0.512292743      0.514821231      0.540522039      0.578865170      0.621390224      0.662896454      0.700923622      0.734644234      0.764050364      0.789490521      0.811432779      0.830354393      0.846694231      0.860836983      0.873111665      0.883795798      0.893122137      0.901285350      0.908448279      0.914747238      0.920296729    
  0.515577316      0.519413769      0.541513324      0.575227082      0.613798261      0.652451217      0.688632667      0.721285880      0.750180721      0.775488794      0.797548592      0.816745698      0.833455741      0.848020136      0.860738635      0.871869266      0.881631792      0.890212595      0.897769272      0.904435158      0.910323083    
  0.521151364      0.525041997      0.543174863      0.572026432      0.606359422      0.641847730      0.675889134      0.707221866      0.735399663      0.760414481      0.782468438      0.801848173      0.818859160      0.833794057      0.846918881      0.858468533      0.868647337      0.877631128      0.885570884      0.892595649      0.898815870    
  0.527525902      0.530725300      0.544921398      0.568931520      0.598882198      0.630950868      0.662562430      0.692300379      0.719527245      0.744062841      0.765971243      0.785434246      0.802680016      0.817945242      0.831455648      0.843417704      0.854015648      0.863411546      0.871746778      0.879144251      0.885710418    
  0.534103990      0.536158085      0.546628892      0.565963924      0.591489255      0.619936049      0.648840070      0.676690876      0.702693582      0.726510704      0.748072147      0.767453194      0.784800589      0.800290108      0.814102590      0.826411903      0.837378502      0.847147644      0.855848789      0.863596320      0.870491207    
  0.540280819      0.541088581      0.548219502      0.563203156      0.584404647      0.609141409      0.635135889      0.660847068      0.685363412      0.708212912      0.729202330      0.748304307      0.765583992      0.781154394      0.795148551      0.807704508      0.818956137      0.829028904      0.838037848      0.846086919      0.853269458    
  0.545943975      0.545502722      0.549740672      0.560786545      0.577848554      0.598836243      0.621732712      0.645039260      0.667779624      0.689378440      0.709535182      0.728126347      0.745136738      0.760614514      0.774641991      0.787317693      0.798745513      0.809028029      0.818263113      0.826542020      0.833948791    
  0.550987244      0.549375713      0.551185429      0.558771193      0.571982741      0.589291632      0.608989656      0.629682481      0.650380731      0.670441806      0.689481199      0.707292497      0.723786891      0.738950491      0.752814949      0.765438080      0.776891530      0.787252784      0.796600103      0.805009842      0.812554479    
