51 51
   0.00001    0.00001    0.00001    0.00001    0.00001    0.00001    0.00002    0.00002    0.00002    0.00002    0.00002    0.00003    0.00003    0.00003    0.00003    0.00004    0.00004    0.00004    0.00004    0.00005    0.00005    0.00005    0.00006    0.00006    0.00006    0.00007    0.00007    0.00007    0.00008    0.00008    0.00009    0.00009    0.00010    0.00010    0.00010    0.00011    0.00011    0.00012    0.00012    0.00013    0.00013    0.00014    0.00014    0.00015    0.00015    0.00016    0.00016    0.00017    0.00018    0.00018    0.00019
   0.00001    0.00001    0.00001    0.00002    0.00002    0.00002    0.00002    0.00003    0.00003    0.00003    0.00004    0.00004    0.00004    0.00005    0.00005    0.00005    0.00006    0.00006    0.00006    0.00007    0.00007    0.00008    0.00008    0.00009    0.00009    0.00010    0.00010    0.00011    0.00011    0.00012    0.00013    0.00013    0.00014    0.00014    0.00015    0.00016    0.00016    0.00017    0.00018    0.00018    0.00019    0.00020    0.00021    0.00021    0.00022    0.00023    0.00024    0.00025    0.00025    0.00026    0.00027
   0.00002    0.00002    0.00002    0.00002    0.00003    0.00003    0.00003    0.00004    0.00004    0.00005    0.00005    0.00006    0.00006    0.00007    0.00007    0.00008    0.00008    0.00009    0.00009    0.00010    0.00011    0.00011    0.00012    0.00013    0.00013    0.00014    0.00015    0.00016    0.00016    0.00017    0.00018    0.00019    0.00020    0.00021    0.00022    0.00023    0.00024    0.00025    0.00026    0.00027    0.00028    0.00029    0.00030    0.00031    0.00032    0.00033    0.00034    0.00036    0.00037    0.00038    0.00039
   0.00002    0.00003    0.00003    0.00003    0.00004    0.00004    0.00005    0.00006    0.00006    0.00007    0.00007    0.00008    0.00009    0.00009    0.00010    0.00011    0.00012    0.00013    0.00013    0.00014    0.00015    0.00016    0.00017    0.00018    0.00019    0.00020    0.00021    0.00023    0.00024    0.00025    0.00026    0.00027    0.00029    0.00030    0.00031    0.00033    0.00034    0.00036    0.00037    0.00039    0.00040    0.00042    0.00043    0.00045    0.00046    0.00048    0.00050    0.00052    0.00053    0.00055    0.00057
   0.00003    0.00004    0.00004    0.00005    0.00006    0.00006    0.00007    0.00008    0.00009    0.00010    0.00011    0.00012    0.00013    0.00014    0.00015    0.00016    0.00017    0.00018    0.00019    0.00021    0.00022    0.00023    0.00025    0.00026    0.00028    0.00029    0.00031    0.00033    0.00034    0.00036    0.00038    0.00040    0.00042    0.00043    0.00045    0.00047    0.00049    0.00051    0.00054    0.00056    0.00058    0.00060    0.00062    0.00065    0.00067    0.00070    0.00072    0.00074    0.00077    0.00080    0.00082
   0.00005    0.00006    0.00006    0.00007    0.00008    0.00009    0.00010    0.00011    0.00013    0.00014    0.00015    0.00017    0.00018    0.00020    0.00021    0.00023    0.00025    0.00026    0.00028    0.00030    0.00032    0.00034    0.00036    0.00038    0.00040    0.00043    0.00045    0.00047    0.00050    0.00052    0.00055    0.00057    0.00060    0.00063    0.00066    0.00068    0.00071    0.00074    0.00077    0.00081    0.00084    0.00087    0.00090    0.00094    0.00097    0.00100    0.00104    0.00108    0.00111    0.00115    0.00119
   0.00007    0.00008    0.00009    0.00011    0.00012    0.00013    0.00015    0.00017    0.00018    0.00020    0.00022    0.00024    0.00026    0.00028    0.00031    0.00033    0.00035    0.00038    0.00041    0.00043    0.00046    0.00049    0.00052    0.00055    0.00058    0.00062    0.00065    0.00068    0.00072    0.00075    0.00079    0.00083    0.00087    0.00091    0.00095    0.00099    0.00103    0.00107    0.00112    0.00116    0.00121    0.00126    0.00130    0.00135    0.00140    0.00145    0.00150    0.00156    0.00161    0.00166    0.00172
   0.00010    0.00012    0.00013    0.00015    0.00017    0.00019    0.00022    0.00024    0.00027    0.00029    0.00032    0.00035    0.00038    0.00041    0.00044    0.00048    0.00051    0.00055    0.00059    0.00063    0.00067    0.00071    0.00075    0.00080    0.00084    0.00089    0.00094    0.00099    0.00104    0.00109    0.00114    0.00120    0.00125    0.00131    0.00137    0.00143    0.00149    0.00155    0.00162    0.00168    0.00175    0.00182    0.00188    0.00195    0.00203    0.00210    0.00217    0.00225    0.00232    0.00240    0.00248 
   0.00014    0.00017    0.00019    0.00022    0.00025    0.00028    0.00031    0.00035    0.00038    0.00042    0.00046    0.00050    0.00055    0.00059    0.00064    0.00069    0.00074    0.00079    0.00085    0.00091    0.00096    0.00103    0.00109    0.00115    0.00122    0.00129    0.00136    0.00143    0.00150    0.00158    0.00165    0.00173    0.00181    0.00189    0.00198    0.00207    0.00215    0.00224    0.00234    0.00243    0.00253    0.00262    0.00272    0.00282    0.00293    0.00303    0.00314    0.00325    0.00336    0.00347    0.00358
   0.00021    0.00024    0.00028    0.00032    0.00036    0.00040    0.00045    0.00050    0.00055    0.00061    0.00067    0.00073    0.00079    0.00086    0.00093    0.00100    0.00107    0.00115    0.00123    0.00131    0.00139    0.00148    0.00157    0.00166    0.00176    0.00186    0.00196    0.00206    0.00217    0.00228    0.00239    0.00250    0.00262    0.00274    0.00286    0.00298    0.00311    0.00324    0.00338    0.00351    0.00365    0.00379    0.00393    0.00408    0.00423    0.00438    0.00453    0.00469    0.00485    0.00501    0.00518
   0.00030    0.00035    0.00040    0.00046    0.00052    0.00058    0.00065    0.00073    0.00080    0.00088    0.00097    0.00105    0.00114    0.00124    0.00134    0.00144    0.00155    0.00166    0.00177    0.00189    0.00201    0.00214    0.00227    0.00240    0.00254    0.00268    0.00283    0.00298    0.00313    0.00329    0.00345    0.00361    0.00378    0.00396    0.00413    0.00431    0.00450    0.00468    0.00488    0.00507    0.00527    0.00547    0.00568    0.00589    0.00611    0.00633    0.00655    0.00678    0.00701    0.00724    0.00748
   0.00043    0.00050    0.00058    0.00066    0.00075    0.00085    0.00094    0.00105    0.00116    0.00127    0.00139    0.00152    0.00165    0.00179    0.00193    0.00208    0.00224    0.00240    0.00256    0.00273    0.00291    0.00309    0.00328    0.00347    0.00367    0.00388    0.00409    0.00430    0.00453    0.00475    0.00498    0.00522    0.00547    0.00571    0.00597    0.00623    0.00650    0.00677    0.00704    0.00733    0.00761    0.00791    0.00821    0.00851    0.00882    0.00914    0.00946    0.00978    0.01012    0.01046    0.01080
   0.00063    0.00073    0.00084    0.00096    0.00109    0.00122    0.00136    0.00152    0.00167    0.00184    0.00202    0.00220    0.00239    0.00259    0.00280    0.00301    0.00323    0.00346    0.00370    0.00395    0.00421    0.00447    0.00474    0.00502    0.00531    0.00560    0.00591    0.00622    0.00654    0.00686    0.00720    0.00754    0.00789    0.00825    0.00862    0.00900    0.00938    0.00977    0.01017    0.01058    0.01100    0.01142    0.01185    0.01229    0.01274    0.01319    0.01366    0.01413    0.01461    0.01510    0.01559
   0.00091    0.00105    0.00122    0.00139    0.00157    0.00177    0.00197    0.00219    0.00242    0.00266    0.00291    0.00318    0.00345    0.00374    0.00404    0.00435    0.00467    0.00500    0.00535    0.00571    0.00608    0.00646    0.00685    0.00725    0.00766    0.00809    0.00853    0.00898    0.00944    0.00991    0.01040    0.01089    0.01140    0.01192    0.01245    0.01299    0.01355    0.01411    0.01469    0.01528    0.01588    0.01649    0.01711    0.01775    0.01839    0.01905    0.01972    0.02040    0.02110    0.02180    0.02252
   0.00131    0.00152    0.00176    0.00200    0.00227    0.00255    0.00285    0.00316    0.00350    0.00384    0.00421    0.00459    0.00499    0.00540    0.00583    0.00628    0.00675    0.00723    0.00773    0.00824    0.00877    0.00932    0.00989    0.01047    0.01107    0.01168    0.01232    0.01297    0.01363    0.01431    0.01501    0.01573    0.01646    0.01721    0.01798    0.01876    0.01956    0.02038    0.02121    0.02206    0.02293    0.02381    0.02471    0.02563    0.02657    0.02752    0.02849    0.02947    0.03047    0.03149    0.03253
   0.00189    0.00220    0.00254    0.00290    0.00328    0.00369    0.00412    0.00457    0.00505    0.00555    0.00608    0.00663    0.00720    0.00780    0.00843    0.00907    0.00974    0.01044    0.01116    0.01190    0.01267    0.01346    0.01428    0.01512    0.01598    0.01687    0.01779    0.01872    0.01968    0.02067    0.02168    0.02271    0.02377    0.02486    0.02596    0.02710    0.02825    0.02943    0.03064    0.03187    0.03313    0.03441    0.03571    0.03704    0.03839    0.03977    0.04117    0.04260    0.04405    0.04553    0.04703
   0.00273    0.00318    0.00367    0.00418    0.00474    0.00532    0.00595    0.00660    0.00729    0.00802    0.00878    0.00957    0.01040    0.01127    0.01217    0.01310    0.01407    0.01508    0.01611    0.01719    0.01830    0.01944    0.02062    0.02183    0.02308    0.02437    0.02569    0.02704    0.02843    0.02986    0.03132    0.03282    0.03435    0.03592    0.03752    0.03916    0.04084    0.04255    0.04430    0.04608    0.04789    0.04975    0.05164    0.05356    0.05552    0.05751    0.05954    0.06161    0.06371    0.06584    0.06801
   0.00395    0.00460    0.00530    0.00605    0.00684    0.00769    0.00859    0.00954    0.01053    0.01158    0.01268    0.01383    0.01503    0.01627    0.01757    0.01892    0.02032    0.02177    0.02327    0.02483    0.02643    0.02808    0.02979    0.03155    0.03335    0.03521    0.03712    0.03909    0.04110    0.04317    0.04528    0.04745    0.04967    0.05194    0.05426    0.05664    0.05906    0.06153    0.06406    0.06663    0.06925    0.07193    0.07465    0.07742    0.08023    0.08310    0.08601    0.08896    0.09197    0.09501    0.09810
   0.00570    0.00664    0.00765    0.00873    0.00989    0.01111    0.01240    0.01377    0.01521    0.01673    0.01831    0.01997    0.02170    0.02351    0.02538    0.02733    0.02936    0.03146    0.03363    0.03588    0.03820    0.04060    0.04307    0.04561    0.04823    0.05092    0.05369    0.05653    0.05944    0.06243    0.06549    0.06862    0.07182    0.07509    0.07843    0.08184    0.08532    0.08886    0.09247    0.09614    0.09988    0.10368    0.10754    0.11145    0.11543    0.11945    0.12354    0.12767    0.13186    0.13609    0.14037
   0.00824    0.00960    0.01105    0.01261    0.01428    0.01604    0.01792    0.01989    0.02197    0.02416    0.02645    0.02885    0.03136    0.03397    0.03669    0.03951    0.04245    0.04549    0.04864    0.05189    0.05525    0.05872    0.06229    0.06597    0.06975    0.07363    0.07761    0.08169    0.08587    0.09015    0.09452    0.09898    0.10353    0.10817    0.11289    0.11770    0.12258    0.12754    0.13257    0.13767    0.14283    0.14806    0.15335    0.15869    0.16409    0.16953    0.17502    0.18055    0.18612    0.19171    0.19734
   0.01190    0.01386    0.01597    0.01822    0.02062    0.02318    0.02589    0.02875    0.03176    0.03492    0.03824    0.04172    0.04535    0.04913    0.05307    0.05716    0.06140    0.06580    0.07034    0.07503    0.07987    0.08485    0.08996    0.09522    0.10060    0.10611    0.11175    0.11750    0.12337    0.12935    0.13543    0.14161    0.14788    0.15423    0.16067    0.16718    0.17375    0.18039    0.18708    0.19382    0.20060    0.20741    0.21425    0.22111    0.22798    0.23486    0.24174    0.24862    0.25548    0.26232    0.26914
   0.01720    0.02003    0.02307    0.02633    0.02981    0.03351    0.03743    0.04157    0.04594    0.05052    0.05533    0.06036    0.06561    0.07107    0.07675    0.08263    0.08871    0.09499    0.10147    0.10812    0.11495    0.12195    0.12911    0.13642    0.14387    0.15145    0.15914    0.16695    0.17485    0.18284    0.19091    0.19903    0.20721    0.21543    0.22368    0.23195    0.24022    0.24848    0.25673    0.26495    0.27313    0.28127    0.28934    0.29735    0.30528    0.31312    0.32086    0.32850    0.33603    0.34344    0.35073
   0.02486    0.02895    0.03336    0.03809    0.04313    0.04849    0.05417    0.06017    0.06648    0.07311    0.08003    0.08725    0.09476    0.10254    0.11058    0.11888    0.12741    0.13616    0.14511    0.15425    0.16355    0.17300    0.18259    0.19228    0.20206    0.21191    0.22181    0.23174    0.24167    0.25160    0.26150    0.27136    0.28114    0.29084    0.30045    0.30993    0.31929    0.32850    0.33755    0.34643    0.35513    0.36363    0.37193    0.38002    0.38790    0.39555    0.40297    0.41016    0.41712    0.42384    0.43033
   0.03597    0.04191    0.04830    0.05515    0.06246    0.07021    0.07841    0.08703    0.09606    0.10549    0.11529    0.12544    0.13591    0.14667    0.15770    0.16896    0.18042    0.19204    0.20380    0.21565    0.22756    0.23950    0.25143    0.26333    0.27515    0.28687    0.29846    0.30989    0.32112    0.33215    0.34295    0.35348    0.36375    0.37372    0.38339    0.39275    0.40178    0.41047    0.41883    0.42686    0.43454    0.44188    0.44889    0.45556    0.46191    0.46794    0.47366    0.47907    0.48420    0.48905    0.49363
   0.05212    0.06073    0.06999    0.07988    0.09038    0.10147    0.11310    0.12524    0.13785    0.15088    0.16426    0.17796    0.19190    0.20604    0.22031    0.23464    0.24900    0.26330    0.27751    0.29156    0.30541    0.31900    0.33230    0.34526    0.35785    0.37004    0.38180    0.39310    0.40395    0.41431    0.42418    0.43356    0.44246    0.45087    0.45880    0.46626    0.47327    0.47984    0.48600    0.49174    0.49711    0.50211    0.50677    0.51111    0.51515    0.51891    0.52241    0.52567    0.52871    0.53154    0.53418
   0.07560    0.08802    0.10129    0.11535    0.13013    0.14555    0.16153    0.17797    0.19477    0.21183    0.22905    0.24632    0.26355    0.28063    0.29748    0.31401    0.33013    0.34578    0.36090    0.37543    0.38933    0.40256    0.41511    0.42695    0.43808    0.44851    0.45824    0.46730    0.47569    0.48346    0.49063    0.49723    0.50330    0.50887    0.51398    0.51867    0.52297    0.52692    0.53054    0.53387    0.53694    0.53977    0.54239    0.54483    0.54710    0.54922    0.55122    0.55310    0.55488    0.55658    0.55821
   0.10946    0.12705    0.14559    0.16494    0.18492    0.20536    0.22609    0.24692    0.26769    0.28822    0.30835    0.32796    0.34689    0.36506    0.38236    0.39872    0.41410    0.42847    0.44180    0.45412    0.46544    0.47579    0.48522    0.49377    0.50152    0.50852    0.51482    0.52050    0.52562    0.53023    0.53438    0.53814    0.54155    0.54466    0.54750    0.55011    0.55252    0.55477    0.55688    0.55886    0.56075    0.56255    0.56429    0.56598    0.56761    0.56922    0.57080    0.57236    0.57390    0.57543    0.57696
   0.15723    0.18124    0.20597    0.23111    0.25634    0.28137    0.30591    0.32970    0.35253    0.37419    0.39455    0.41349    0.43097    0.44695    0.46144    0.47450    0.48618    0.49658    0.50580    0.51394    0.52112    0.52743    0.53300    0.53790    0.54224    0.54610    0.54956    0.55266    0.55549    0.55808    0.56048    0.56272    0.56485    0.56687    0.56882    0.57072    0.57257    0.57439    0.57620    0.57799    0.57978    0.58156    0.58334    0.58513    0.58693    0.58873    0.59053    0.59235    0.59416    0.59598    0.59781
   0.22172    0.25247    0.28300    0.31279    0.34142    0.36849    0.39372    0.41690    0.43791    0.45673    0.47339    0.48799    0.50069    0.51165    0.52106    0.52912    0.53601    0.54192    0.54700    0.55139    0.55524    0.55863    0.56167    0.56444    0.56699    0.56938    0.57165    0.57384    0.57597    0.57806    0.58014    0.58220    0.58426    0.58633    0.58841    0.59049    0.59259    0.59470    0.59682    0.59895    0.60109    0.60323    0.60537    0.60751    0.60965    0.61179    0.61392    0.61604    0.61815    0.62024    0.62232
   0.30246    0.33802    0.37140    0.40206    0.42964    0.45399    0.47511    0.49315    0.50835    0.52104    0.53155    0.54023    0.54739    0.55333    0.55829    0.56251    0.56614    0.56935    0.57225    0.57493    0.57746    0.57989    0.58226    0.58461    0.58696    0.58931    0.59167    0.59406    0.59646    0.59889    0.60133    0.60380    0.60627    0.60875    0.61123    0.61372    0.61619    0.61866    0.62112    0.62356    0.62598    0.62838    0.63075    0.63310    0.63541    0.63770    0.63995    0.64217    0.64436    0.64651    0.64862
   0.39248    0.42778    0.45834    0.48410    0.50533    0.52251    0.53620    0.54702    0.55555    0.56231    0.56773    0.57218    0.57594    0.57922    0.58219    0.58497    0.58764    0.59027    0.59289    0.59552    0.59819    0.60089    0.60363    0.60640    0.60920    0.61202    0.61485    0.61770    0.62053    0.62337    0.62618    0.62898    0.63175    0.63449    0.63719    0.63986    0.64248    0.64506    0.64760    0.65008    0.65252    0.65491    0.65725    0.65954    0.66178    0.66397    0.66611    0.66820    0.67024    0.67223    0.67418
   0.47848    0.50698    0.52922    0.54616    0.55887    0.56835    0.57549    0.58097    0.58535    0.58902    0.59226    0.59526    0.59816    0.60104    0.60394    0.60688    0.60989    0.61295    0.61606    0.61920    0.62237    0.62555    0.62873    0.63190    0.63505    0.63817    0.64124    0.64427    0.64725    0.65017    0.65304    0.65584    0.65857    0.66124    0.66385    0.66638    0.66886    0.67126    0.67360    0.67588    0.67809    0.68025    0.68234    0.68437    0.68635    0.68827    0.69014    0.69196    0.69373    0.69544    0.69711
   0.54848    0.56671    0.57952    0.58850    0.59493    0.59977    0.60365    0.60703    0.61018    0.61326    0.61636    0.61953    0.62278    0.62611    0.62950    0.63293    0.63638    0.63983    0.64327    0.64667    0.65003    0.65334    0.65658    0.65974    0.66283    0.66584    0.66877    0.67161    0.67437    0.67704    0.67963    0.68214    0.68456    0.68691    0.68919    0.69138    0.69351    0.69557    0.69756    0.69949    0.70135    0.70316    0.70491    0.70660    0.70824    0.70983    0.71137    0.71286    0.71431    0.71572    0.71708
   0.60004    0.60986    0.61646    0.62122    0.62501    0.62835    0.63154    0.63475    0.63802    0.64139    0.64483    0.64834    0.65186    0.65540    0.65890    0.66237    0.66577    0.66910    0.67234    0.67550    0.67855    0.68151    0.68437    0.68713    0.68980    0.69236    0.69484    0.69722    0.69951    0.70172    0.70385    0.70590    0.70787    0.70977    0.71161    0.71337    0.71508    0.71673    0.71831    0.71985    0.72133    0.72276    0.72415    0.72549    0.72679    0.72804    0.72926    0.73044    0.73158    0.73269    0.73376
   0.64112    0.64672    0.65087    0.65434    0.65756    0.66074    0.66394    0.66720    0.67049    0.67380    0.67708    0.68033    0.68352    0.68663    0.68965    0.69257    0.69540    0.69812    0.70074    0.70326    0.70567    0.70799    0.71022    0.71235    0.71440    0.71637    0.71826    0.72007    0.72182    0.72349    0.72510    0.72665    0.72814    0.72958    0.73097    0.73230    0.73359    0.73483    0.73603    0.73719    0.73831    0.73939    0.74044    0.74145    0.74243    0.74338    0.74430    0.74519    0.74606    0.74690    0.74771
   0.68221    0.68615    0.68933    0.69216    0.69484    0.69745    0.70002    0.70256    0.70504    0.70747    0.70984    0.71214    0.71436    0.71650    0.71856    0.72055    0.72245    0.72429    0.72605    0.72774    0.72937    0.73094    0.73244    0.73389    0.73528    0.73662    0.73791    0.73916    0.74036    0.74152    0.74264    0.74371    0.74476    0.74576    0.74674    0.74768    0.74859    0.74947    0.75032    0.75115    0.75194    0.75272    0.75347    0.75419    0.75490    0.75558    0.75624    0.75688    0.75751    0.75811    0.75870
   0.72655    0.72905    0.73088    0.73235    0.73362    0.73478    0.73588    0.73695    0.73800    0.73904    0.74007    0.74109    0.74209    0.74309    0.74407    0.74503    0.74598    0.74692    0.74784    0.74874    0.74962    0.75048    0.75133    0.75215    0.75295    0.75374    0.75450    0.75525    0.75597    0.75668    0.75736    0.75803    0.75868    0.75931    0.75993    0.76052    0.76110    0.76166    0.76221    0.76274    0.76325    0.76375    0.76424    0.76471    0.76516    0.76560    0.76603    0.76644    0.76684    0.76723    0.76760
   0.76940    0.76972    0.76942    0.76881    0.76808    0.76735    0.76668    0.76609    0.76560    0.76522    0.76493    0.76474    0.76463    0.76459    0.76462    0.76471    0.76484    0.76502    0.76523    0.76547    0.76574    0.76602    0.76632    0.76664    0.76696    0.76729    0.76762    0.76795    0.76829    0.76862    0.76895    0.76928    0.76961    0.76993    0.77024    0.77055    0.77085    0.77114    0.77142    0.77170    0.77197    0.77223    0.77248    0.77272    0.77295    0.77318    0.77339    0.77360    0.77380    0.77399    0.77416
   0.80417    0.80215    0.79971    0.79715    0.79467    0.79235    0.79024    0.78835    0.78668    0.78523    0.78397    0.78288    0.78195    0.78116    0.78049    0.77993    0.77946    0.77908    0.77876    0.77851    0.77830    0.77815    0.77803    0.77794    0.77788    0.77785    0.77783    0.77783    0.77785    0.77787    0.77790    0.77794    0.77799    0.77803    0.77808    0.77813    0.77818    0.77822    0.77827    0.77831    0.77834    0.77838    0.77840    0.77843    0.77844    0.77845    0.77845    0.77845    0.77844    0.77842    0.77839
   0.82937    0.82563    0.82169    0.81784    0.81420    0.81084    0.80780    0.80507    0.80263    0.80047    0.79855    0.79685    0.79535    0.79403    0.79285    0.79182    0.79090    0.79008    0.78935    0.78871    0.78813    0.78761    0.78714    0.78672    0.78633    0.78598    0.78566    0.78536    0.78508    0.78482    0.78458    0.78434    0.78412    0.78390    0.78369    0.78348    0.78327    0.78307    0.78286    0.78265    0.78244    0.78223    0.78201    0.78179    0.78156    0.78132    0.78108    0.78083    0.78057    0.78030    0.78003
   0.84799    0.84323    0.83841    0.83376    0.82940    0.82538    0.82172    0.81840    0.81540    0.81271    0.81029    0.80811    0.80615    0.80439    0.80279    0.80134    0.80003    0.79883    0.79774    0.79673    0.79580    0.79494    0.79414    0.79339    0.79269    0.79202    0.79139    0.79078    0.79020    0.78964    0.78909    0.78856    0.78804    0.78753    0.78702    0.78652    0.78601    0.78551    0.78501    0.78450    0.78398    0.78346    0.78293    0.78239    0.78185    0.78128    0.78071    0.78012    0.77952    0.77889    0.77825
   0.86275    0.85744    0.85210    0.84696    0.84212    0.83762    0.83349    0.82970    0.82625    0.82311    0.82024    0.81763    0.81525    0.81306    0.81106    0.80921    0.80750    0.80591    0.80443    0.80304    0.80174    0.80050    0.79933    0.79821    0.79714    0.79611    0.79511    0.79414    0.79319    0.79226    0.79135    0.79044    0.78954    0.78864    0.78774    0.78684    0.78593    0.78501    0.78408    0.78314    0.78218    0.78120    0.78019    0.77916    0.77811    0.77702    0.77590    0.77475    0.77356    0.77233    0.77106
   0.87476    0.86917    0.86355    0.85809    0.85289    0.84802    0.84349    0.83930    0.83543    0.83186    0.82856    0.82551    0.82269    0.82006    0.81762    0.81533    0.81317    0.81114    0.80922    0.80739    0.80564    0.80395    0.80233    0.80075    0.79922    0.79772    0.79624    0.79478    0.79333    0.79188    0.79044    0.78899    0.78753    0.78604    0.78454    0.78301    0.78145    0.77985    0.77822    0.77653    0.77480    0.77301    0.77117    0.76927    0.76731    0.76528    0.76318    0.76101    0.75877    0.75646    0.75407
   0.88428    0.87855    0.87274    0.86703    0.86155    0.85634    0.85143    0.84683    0.84254    0.83852    0.83476    0.83123    0.82792    0.82480    0.82184    0.81903    0.81635    0.81378    0.81131    0.80891    0.80658    0.80430    0.80206    0.79984    0.79764    0.79545    0.79325    0.79103    0.78879    0.78652    0.78420    0.78183    0.77941    0.77692    0.77435    0.77171    0.76899    0.76619    0.76329    0.76031    0.75722    0.75405    0.75077    0.74741    0.74395    0.74039    0.73675    0.73302    0.72920    0.72531    0.72134
   0.89167    0.88589    0.87995    0.87403    0.86827    0.86272    0.85742    0.85239    0.84761    0.84308    0.83877    0.83467    0.83076    0.82700    0.82338    0.81988    0.81648    0.81315    0.80987    0.80663    0.80341    0.80018    0.79694    0.79366    0.79033    0.78694    0.78348    0.77993    0.77628    0.77253    0.76867    0.76469    0.76060    0.75638    0.75205    0.74760    0.74303    0.73836    0.73358    0.72870    0.72374    0.71869    0.71356    0.70838    0.70313    0.69785    0.69252    0.68718    0.68181    0.67644    0.67107
   0.89700    0.89115    0.88505    0.87888    0.87277    0.86680    0.86101    0.85541    0.85001    0.84479    0.83975    0.83485    0.83006    0.82538    0.82075    0.81617    0.81159    0.80700    0.80236    0.79765    0.79286    0.78796    0.78294    0.77779    0.77250    0.76706    0.76147    0.75574    0.74987    0.74386    0.73773    0.73148    0.72514    0.71871    0.71221    0.70565    0.69906    0.69245    0.68583    0.67921    0.67262    0.66607    0.65956    0.65311    0.64674    0.64044    0.63423    0.62812    0.62210    0.61619    0.61039
   0.90005    0.89402    0.88763    0.88106    0.87444    0.86785    0.86133    0.85489    0.84854    0.84225    0.83600    0.82977    0.82351    0.81719    0.81078    0.80424    0.79756    0.79072    0.78370    0.77649    0.76909    0.76152    0.75378    0.74588    0.73786    0.72973    0.72151    0.71325    0.70495    0.69665    0.68838    0.68015    0.67200    0.66394    0.65599    0.64817    0.64049    0.63297    0.62560    0.61841    0.61140    0.60456    0.59791    0.59145    0.58516    0.57906    0.57314    0.56740    0.56183    0.55644    0.55120
   0.90037    0.89392    0.88695    0.87966    0.87215    0.86447    0.85667    0.84874    0.84066    0.83240    0.82394    0.81524    0.80628    0.79705    0.78756    0.77782    0.76784    0.75765    0.74731    0.73684    0.72631    0.71575    0.70522    0.69475    0.68440    0.67421    0.66419    0.65439    0.64483    0.63552    0.62648    0.61773    0.60925    0.60107    0.59318    0.58557    0.57825    0.57121    0.56444    0.55793    0.55167    0.54566    0.53988    0.53432    0.52898    0.52384    0.51889    0.51413    0.50954    0.50512    0.50085
   0.89693    0.88953    0.88138    0.87261    0.86330    0.85347    0.84313    0.83228    0.82092    0.80907    0.79677    0.78407    0.77104    0.75776    0.74433    0.73085    0.71740    0.70408    0.69096    0.67811    0.66559    0.65344    0.64170    0.63040    0.61955    0.60915    0.59921    0.58973    0.58069    0.57207    0.56388    0.55608    0.54867    0.54162    0.53491    0.52852    0.52244    0.51665    0.51112    0.50585    0.50081    0.49599    0.49138    0.48696    0.48272    0.47865    0.47473    0.47095    0.46731    0.46380    0.46040
   0.88782    0.87829    0.86752    0.85558    0.84253    0.82845    0.81344    0.79764    0.78122    0.76437    0.74730    0.73021    0.71328    0.69666    0.68049    0.66488    0.64989    0.63559    0.62199    0.60912    0.59696    0.58550    0.57472    0.56458    0.55506    0.54613    0.53773    0.52984    0.52243    0.51545    0.50888    0.50268    0.49682    0.49128    0.48604    0.48106    0.47633    0.47183    0.46754    0.46344    0.45952    0.45576    0.45215    0.44867    0.44532    0.44209    0.43896    0.43593    0.43299    0.43014    0.42736
   0.86890    0.85465    0.83837    0.82030    0.80076    0.78014    0.75887    0.73738    0.71606    0.69522    0.67513    0.65597    0.63785    0.62083    0.60495    0.59017    0.57647    0.56378    0.55206    0.54122    0.53120    0.52194    0.51336    0.50540    0.49802    0.49115    0.48474    0.47876    0.47315    0.46789    0.46294    0.45827    0.45386    0.44967    0.44570    0.44191    0.43829    0.43483    0.43152    0.42833    0.42525    0.42229    0.41942    0.41663    0.41393    0.41130    0.40873    0.40623    0.40378    0.40137    0.39902
