51 51 
1.246e-12  1.569e-12  1.943e-12  2.373e-12  2.862e-12  3.414e-12  4.033e-12  4.722e-12  5.486e-12  6.328e-12  7.252e-12  8.262e-12  9.361e-12  1.055e-11  1.184e-11  1.324e-11  1.473e-11  1.634e-11  1.805e-11  1.989e-11  2.184e-11  2.392e-11  2.612e-11  2.846e-11  3.093e-11  3.354e-11  3.630e-11  3.920e-11  4.225e-11  4.546e-11  4.882e-11  5.235e-11  5.604e-11  5.990e-11  6.394e-11  6.815e-11  7.254e-11  7.712e-11  8.189e-11  8.685e-11  9.201e-11  9.736e-11  1.029e-10  1.087e-10  1.147e-10  1.209e-10  1.273e-10  1.339e-10  1.408e-10  1.479e-10  1.552e-10  
2.602e-12  3.277e-12  4.060e-12  4.958e-12  5.980e-12  7.133e-12  8.426e-12  9.867e-12  1.146e-11  1.322e-11  1.515e-11  1.726e-11  1.956e-11  2.205e-11  2.475e-11  2.765e-11  3.078e-11  3.413e-11  3.772e-11  4.155e-11  4.563e-11  4.997e-11  5.458e-11  5.946e-11  6.463e-11  7.008e-11  7.584e-11  8.190e-11  8.827e-11  9.497e-11  1.020e-10  1.094e-10  1.171e-10  1.252e-10  1.336e-10  1.424e-10  1.516e-10  1.611e-10  1.711e-10  1.815e-10  1.922e-10  2.034e-10  2.150e-10  2.271e-10  2.396e-10  2.525e-10  2.659e-10  2.798e-10  2.941e-10  3.090e-10  3.243e-10  
5.437e-12  6.847e-12  8.483e-12  1.036e-11  1.249e-11  1.490e-11  1.760e-11  2.061e-11  2.395e-11  2.762e-11  3.166e-11  3.606e-11  4.086e-11  4.607e-11  5.170e-11  5.777e-11  6.430e-11  7.131e-11  7.881e-11  8.681e-11  9.534e-11  1.044e-10  1.140e-10  1.242e-10  1.350e-10  1.464e-10  1.584e-10  1.711e-10  1.844e-10  1.984e-10  2.131e-10  2.285e-10  2.446e-10  2.615e-10  2.791e-10  2.975e-10  3.167e-10  3.367e-10  3.575e-10  3.791e-10  4.016e-10  4.250e-10  4.493e-10  4.745e-10  5.006e-10  5.276e-10  5.556e-10  5.846e-10  6.145e-10  6.455e-10  6.775e-10  
1.136e-11  1.431e-11  1.772e-11  2.164e-11  2.610e-11  3.114e-11  3.678e-11  4.307e-11  5.003e-11  5.771e-11  6.614e-11  7.535e-11  8.538e-11  9.625e-11  1.080e-10  1.207e-10  1.344e-10  1.490e-10  1.646e-10  1.814e-10  1.992e-10  2.181e-10  2.382e-10  2.596e-10  2.821e-10  3.059e-10  3.310e-10  3.575e-10  3.853e-10  4.146e-10  4.453e-10  4.774e-10  5.111e-10  5.463e-10  5.831e-10  6.215e-10  6.616e-10  7.034e-10  7.469e-10  7.921e-10  8.391e-10  8.880e-10  9.387e-10  9.913e-10  1.046e-09  1.102e-09  1.161e-09  1.221e-09  1.284e-09  1.349e-09  1.416e-09  
2.373e-11  2.989e-11  3.703e-11  4.522e-11  5.454e-11  6.506e-11  7.685e-11  8.998e-11  1.045e-10  1.206e-10  1.382e-10  1.574e-10  1.784e-10  2.011e-10  2.257e-10  2.522e-10  2.807e-10  3.113e-10  3.440e-10  3.789e-10  4.162e-10  4.557e-10  4.978e-10  5.423e-10  5.894e-10  6.392e-10  6.916e-10  7.469e-10  8.051e-10  8.662e-10  9.303e-10  9.975e-10  1.068e-09  1.141e-09  1.218e-09  1.299e-09  1.382e-09  1.470e-09  1.560e-09  1.655e-09  1.753e-09  1.855e-09  1.961e-09  2.071e-09  2.185e-09  2.303e-09  2.425e-09  2.552e-09  2.683e-09  2.818e-09  2.957e-09  
4.959e-11  6.245e-11  7.736e-11  9.448e-11  1.139e-10  1.359e-10  1.606e-10  1.880e-10  2.184e-10  2.519e-10  2.887e-10  3.289e-10  3.727e-10  4.202e-10  4.715e-10  5.269e-10  5.865e-10  6.503e-10  7.187e-10  7.917e-10  8.695e-10  9.522e-10  1.040e-09  1.133e-09  1.231e-09  1.335e-09  1.445e-09  1.561e-09  1.682e-09  1.810e-09  1.944e-09  2.084e-09  2.231e-09  2.385e-09  2.545e-09  2.713e-09  2.888e-09  3.070e-09  3.260e-09  3.458e-09  3.663e-09  3.876e-09  4.098e-09  4.327e-09  4.565e-09  4.812e-09  5.067e-09  5.331e-09  5.605e-09  5.887e-09  6.179e-09  
1.036e-10  1.305e-10  1.616e-10  1.974e-10  2.381e-10  2.840e-10  3.355e-10  3.928e-10  4.563e-10  5.263e-10  6.032e-10  6.872e-10  7.786e-10  8.778e-10  9.852e-10  1.101e-09  1.225e-09  1.359e-09  1.502e-09  1.654e-09  1.817e-09  1.989e-09  2.173e-09  2.367e-09  2.573e-09  2.790e-09  3.019e-09  3.260e-09  3.514e-09  3.781e-09  4.061e-09  4.354e-09  4.661e-09  4.982e-09  5.318e-09  5.669e-09  6.034e-09  6.415e-09  6.811e-09  7.224e-09  7.653e-09  8.098e-09  8.561e-09  9.041e-09  9.538e-09  1.005e-08  1.059e-08  1.114e-08  1.171e-08  1.230e-08  1.291e-08  
2.165e-10  2.726e-10  3.377e-10  4.124e-10  4.974e-10  5.933e-10  7.009e-10  8.207e-10  9.534e-10  1.100e-09  1.260e-09  1.436e-09  1.627e-09  1.834e-09  2.058e-09  2.300e-09  2.560e-09  2.839e-09  3.137e-09  3.456e-09  3.795e-09  4.156e-09  4.540e-09  4.946e-09  5.375e-09  5.829e-09  6.308e-09  6.812e-09  7.342e-09  7.900e-09  8.484e-09  9.097e-09  9.739e-09  1.041e-08  1.111e-08  1.184e-08  1.261e-08  1.340e-08  1.423e-08  1.509e-08  1.599e-08  1.692e-08  1.789e-08  1.889e-08  1.993e-08  2.100e-08  2.212e-08  2.327e-08  2.447e-08  2.570e-08  2.697e-08  
4.522e-10  5.695e-10  7.056e-10  8.617e-10  1.039e-09  1.240e-09  1.464e-09  1.715e-09  1.992e-09  2.298e-09  2.633e-09  3.000e-09  3.399e-09  3.832e-09  4.300e-09  4.805e-09  5.349e-09  5.931e-09  6.555e-09  7.220e-09  7.930e-09  8.684e-09  9.485e-09  1.033e-08  1.123e-08  1.218e-08  1.318e-08  1.423e-08  1.534e-08  1.650e-08  1.773e-08  1.901e-08  2.035e-08  2.175e-08  2.321e-08  2.474e-08  2.634e-08  2.800e-08  2.973e-08  3.153e-08  3.341e-08  3.535e-08  3.737e-08  3.946e-08  4.164e-08  4.388e-08  4.621e-08  4.862e-08  5.112e-08  5.369e-08  5.635e-08  
9.449e-10  1.190e-09  1.474e-09  1.800e-09  2.171e-09  2.590e-09  3.059e-09  3.582e-09  4.162e-09  4.800e-09  5.501e-09  6.267e-09  7.101e-09  8.006e-09  8.985e-09  1.004e-08  1.117e-08  1.239e-08  1.369e-08  1.509e-08  1.657e-08  1.814e-08  1.982e-08  2.159e-08  2.346e-08  2.545e-08  2.753e-08  2.974e-08  3.205e-08  3.448e-08  3.704e-08  3.971e-08  4.251e-08  4.544e-08  4.850e-08  5.170e-08  5.503e-08  5.850e-08  6.212e-08  6.588e-08  6.979e-08  7.386e-08  7.808e-08  8.245e-08  8.699e-08  9.169e-08  9.655e-08  1.016e-07  1.068e-07  1.122e-07  1.177e-07  
1.974e-09  2.486e-09  3.080e-09  3.761e-09  4.536e-09  5.411e-09  6.392e-09  7.485e-09  8.695e-09  1.003e-08  1.149e-08  1.309e-08  1.484e-08  1.673e-08  1.877e-08  2.098e-08  2.335e-08  2.589e-08  2.861e-08  3.152e-08  3.461e-08  3.791e-08  4.140e-08  4.511e-08  4.902e-08  5.316e-08  5.753e-08  6.213e-08  6.696e-08  7.205e-08  7.738e-08  8.297e-08  8.882e-08  9.494e-08  1.013e-07  1.080e-07  1.150e-07  1.222e-07  1.298e-07  1.376e-07  1.458e-07  1.543e-07  1.631e-07  1.723e-07  1.817e-07  1.916e-07  2.017e-07  2.122e-07  2.231e-07  2.344e-07  2.460e-07  
4.125e-09  5.194e-09  6.435e-09  7.858e-09  9.478e-09  1.131e-08  1.335e-08  1.564e-08  1.817e-08  2.095e-08  2.401e-08  2.736e-08  3.100e-08  3.495e-08  3.922e-08  4.383e-08  4.878e-08  5.409e-08  5.978e-08  6.585e-08  7.232e-08  7.920e-08  8.650e-08  9.424e-08  1.024e-07  1.111e-07  1.202e-07  1.298e-07  1.399e-07  1.505e-07  1.617e-07  1.733e-07  1.856e-07  1.984e-07  2.117e-07  2.257e-07  2.402e-07  2.554e-07  2.712e-07  2.876e-07  3.047e-07  3.224e-07  3.408e-07  3.599e-07  3.797e-07  4.002e-07  4.215e-07  4.435e-07  4.662e-07  4.897e-07  5.139e-07  
8.617e-09  1.085e-08  1.344e-08  1.642e-08  1.980e-08  2.362e-08  2.790e-08  3.267e-08  3.795e-08  4.378e-08  5.017e-08  5.716e-08  6.476e-08  7.302e-08  8.194e-08  9.157e-08  1.019e-07  1.130e-07  1.249e-07  1.376e-07  1.511e-07  1.655e-07  1.807e-07  1.969e-07  2.140e-07  2.321e-07  2.511e-07  2.712e-07  2.923e-07  3.145e-07  3.378e-07  3.622e-07  3.877e-07  4.144e-07  4.423e-07  4.715e-07  5.019e-07  5.336e-07  5.665e-07  6.009e-07  6.365e-07  6.736e-07  7.121e-07  7.520e-07  7.933e-07  8.362e-07  8.806e-07  9.265e-07  9.740e-07  1.023e-06  1.074e-06  
1.800e-08  2.267e-08  2.809e-08  3.430e-08  4.137e-08  4.935e-08  5.830e-08  6.826e-08  7.930e-08  9.147e-08  1.048e-07  1.194e-07  1.353e-07  1.526e-07  1.712e-07  1.913e-07  2.129e-07  2.361e-07  2.609e-07  2.875e-07  3.157e-07  3.457e-07  3.776e-07  4.114e-07  4.471e-07  4.849e-07  5.247e-07  5.666e-07  6.107e-07  6.571e-07  7.057e-07  7.567e-07  8.100e-07  8.659e-07  9.242e-07  9.851e-07  1.049e-06  1.115e-06  1.184e-06  1.255e-06  1.330e-06  1.407e-06  1.488e-06  1.571e-06  1.658e-06  1.747e-06  1.840e-06  1.936e-06  2.035e-06  2.138e-06  2.243e-06  
3.762e-08  4.737e-08  5.869e-08  7.167e-08  8.644e-08  1.031e-07  1.218e-07  1.426e-07  1.657e-07  1.911e-07  2.190e-07  2.495e-07  2.827e-07  3.187e-07  3.577e-07  3.997e-07  4.449e-07  4.933e-07  5.452e-07  6.006e-07  6.596e-07  7.223e-07  7.889e-07  8.595e-07  9.341e-07  1.013e-06  1.096e-06  1.184e-06  1.276e-06  1.373e-06  1.474e-06  1.581e-06  1.692e-06  1.809e-06  1.931e-06  2.058e-06  2.191e-06  2.329e-06  2.473e-06  2.623e-06  2.779e-06  2.940e-06  3.108e-06  3.282e-06  3.463e-06  3.650e-06  3.844e-06  4.044e-06  4.252e-06  4.466e-06  4.687e-06  
7.859e-08  9.898e-08  1.226e-07  1.497e-07  1.806e-07  2.154e-07  2.545e-07  2.980e-07  3.462e-07  3.993e-07  4.576e-07  5.213e-07  5.907e-07  6.659e-07  7.473e-07  8.351e-07  9.295e-07  1.031e-06  1.139e-06  1.255e-06  1.378e-06  1.509e-06  1.648e-06  1.796e-06  1.952e-06  2.116e-06  2.290e-06  2.473e-06  2.666e-06  2.868e-06  3.080e-06  3.303e-06  3.536e-06  3.780e-06  4.034e-06  4.300e-06  4.577e-06  4.866e-06  5.167e-06  5.480e-06  5.805e-06  6.143e-06  6.494e-06  6.858e-06  7.235e-06  7.626e-06  8.031e-06  8.450e-06  8.883e-06  9.331e-06  9.793e-06  
1.642e-07  2.068e-07  2.562e-07  3.128e-07  3.773e-07  4.501e-07  5.317e-07  6.225e-07  7.232e-07  8.342e-07  9.560e-07  1.089e-06  1.234e-06  1.391e-06  1.561e-06  1.745e-06  1.942e-06  2.154e-06  2.380e-06  2.622e-06  2.879e-06  3.153e-06  3.444e-06  3.752e-06  4.078e-06  4.422e-06  4.785e-06  5.168e-06  5.570e-06  5.992e-06  6.436e-06  6.901e-06  7.388e-06  7.897e-06  8.429e-06  8.984e-06  9.563e-06  1.017e-05  1.080e-05  1.145e-05  1.213e-05  1.284e-05  1.357e-05  1.433e-05  1.512e-05  1.593e-05  1.678e-05  1.765e-05  1.856e-05  1.949e-05  2.046e-05  
3.431e-07  4.320e-07  5.352e-07  6.536e-07  7.883e-07  9.404e-07  1.111e-06  1.301e-06  1.511e-06  1.743e-06  1.997e-06  2.276e-06  2.578e-06  2.907e-06  3.262e-06  3.645e-06  4.057e-06  4.499e-06  4.972e-06  5.477e-06  6.015e-06  6.588e-06  7.195e-06  7.839e-06  8.520e-06  9.239e-06  9.997e-06  1.080e-05  1.164e-05  1.252e-05  1.345e-05  1.442e-05  1.544e-05  1.650e-05  1.761e-05  1.877e-05  1.998e-05  2.124e-05  2.255e-05  2.392e-05  2.534e-05  2.682e-05  2.835e-05  2.994e-05  3.158e-05  3.329e-05  3.506e-05  3.688e-05  3.878e-05  4.073e-05  4.275e-05  
7.168e-07  9.027e-07  1.118e-06  1.366e-06  1.647e-06  1.965e-06  2.321e-06  2.717e-06  3.157e-06  3.641e-06  4.173e-06  4.754e-06  5.387e-06  6.073e-06  6.816e-06  7.616e-06  8.477e-06  9.400e-06  1.039e-05  1.144e-05  1.257e-05  1.376e-05  1.503e-05  1.638e-05  1.780e-05  1.930e-05  2.089e-05  2.256e-05  2.431e-05  2.616e-05  2.809e-05  3.012e-05  3.225e-05  3.447e-05  3.679e-05  3.922e-05  4.175e-05  4.438e-05  4.712e-05  4.998e-05  5.295e-05  5.603e-05  5.923e-05  6.255e-05  6.599e-05  6.955e-05  7.324e-05  7.706e-05  8.101e-05  8.510e-05  8.931e-05  
1.498e-06  1.886e-06  2.336e-06  2.853e-06  3.441e-06  4.105e-06  4.849e-06  5.678e-06  6.596e-06  7.608e-06  8.719e-06  9.933e-06  1.125e-05  1.269e-05  1.424e-05  1.591e-05  1.771e-05  1.964e-05  2.170e-05  2.391e-05  2.626e-05  2.876e-05  3.141e-05  3.422e-05  3.719e-05  4.033e-05  4.364e-05  4.713e-05  5.080e-05  5.465e-05  5.870e-05  6.294e-05  6.738e-05  7.202e-05  7.687e-05  8.194e-05  8.722e-05  9.272e-05  9.845e-05  1.044e-04  1.106e-04  1.171e-04  1.237e-04  1.307e-04  1.379e-04  1.453e-04  1.530e-04  1.610e-04  1.693e-04  1.778e-04  1.866e-04  
3.129e-06  3.940e-06  4.881e-06  5.961e-06  7.190e-06  8.576e-06  1.013e-05  1.186e-05  1.378e-05  1.590e-05  1.822e-05  2.075e-05  2.351e-05  2.651e-05  2.975e-05  3.325e-05  3.700e-05  4.103e-05  4.535e-05  4.995e-05  5.486e-05  6.008e-05  6.562e-05  7.149e-05  7.770e-05  8.426e-05  9.118e-05  9.846e-05  1.061e-04  1.142e-04  1.226e-04  1.315e-04  1.408e-04  1.505e-04  1.606e-04  1.712e-04  1.822e-04  1.937e-04  2.057e-04  2.182e-04  2.311e-04  2.446e-04  2.585e-04  2.730e-04  2.880e-04  3.036e-04  3.197e-04  3.364e-04  3.536e-04  3.714e-04  3.898e-04  
6.537e-06  8.233e-06  1.020e-05  1.245e-05  1.502e-05  1.792e-05  2.117e-05  2.478e-05  2.879e-05  3.321e-05  3.806e-05  4.336e-05  4.913e-05  5.539e-05  6.216e-05  6.946e-05  7.731e-05  8.573e-05  9.474e-05  1.044e-04  1.146e-04  1.255e-04  1.371e-04  1.494e-04  1.623e-04  1.760e-04  1.905e-04  2.057e-04  2.217e-04  2.386e-04  2.562e-04  2.747e-04  2.941e-04  3.144e-04  3.355e-04  3.576e-04  3.807e-04  4.047e-04  4.297e-04  4.558e-04  4.828e-04  5.109e-04  5.401e-04  5.704e-04  6.017e-04  6.342e-04  6.679e-04  7.027e-04  7.387e-04  7.759e-04  8.144e-04  
1.366e-05  1.720e-05  2.131e-05  2.602e-05  3.138e-05  3.744e-05  4.422e-05  5.178e-05  6.015e-05  6.939e-05  7.952e-05  9.059e-05  1.026e-04  1.157e-04  1.299e-04  1.451e-04  1.615e-04  1.791e-04  1.979e-04  2.180e-04  2.395e-04  2.622e-04  2.864e-04  3.120e-04  3.391e-04  3.678e-04  3.980e-04  4.298e-04  4.632e-04  4.984e-04  5.353e-04  5.739e-04  6.144e-04  6.567e-04  7.009e-04  7.471e-04  7.953e-04  8.455e-04  8.977e-04  9.521e-04  1.009e-03  1.067e-03  1.128e-03  1.191e-03  1.257e-03  1.325e-03  1.395e-03  1.468e-03  1.543e-03  1.621e-03  1.701e-03  
2.854e-05  3.594e-05  4.452e-05  5.437e-05  6.557e-05  7.822e-05  9.239e-05  1.082e-04  1.257e-04  1.450e-04  1.661e-04  1.893e-04  2.144e-04  2.418e-04  2.713e-04  3.032e-04  3.374e-04  3.742e-04  4.135e-04  4.555e-04  5.003e-04  5.478e-04  5.984e-04  6.519e-04  7.085e-04  7.683e-04  8.314e-04  8.978e-04  9.677e-04  1.041e-03  1.118e-03  1.199e-03  1.283e-03  1.372e-03  1.464e-03  1.561e-03  1.661e-03  1.766e-03  1.875e-03  1.989e-03  2.107e-03  2.229e-03  2.356e-03  2.488e-03  2.625e-03  2.767e-03  2.914e-03  3.065e-03  3.222e-03  3.385e-03  3.552e-03  
5.962e-05  7.508e-05  9.301e-05  1.136e-04  1.370e-04  1.634e-04  1.930e-04  2.260e-04  2.626e-04  3.029e-04  3.471e-04  3.954e-04  4.480e-04  5.051e-04  5.668e-04  6.334e-04  7.049e-04  7.817e-04  8.639e-04  9.516e-04  1.045e-03  1.144e-03  1.250e-03  1.362e-03  1.480e-03  1.605e-03  1.736e-03  1.875e-03  2.021e-03  2.174e-03  2.335e-03  2.504e-03  2.680e-03  2.865e-03  3.058e-03  3.259e-03  3.469e-03  3.687e-03  3.915e-03  4.152e-03  4.398e-03  4.654e-03  4.919e-03  5.194e-03  5.480e-03  5.775e-03  6.081e-03  6.397e-03  6.725e-03  7.063e-03  7.412e-03  
1.246e-04  1.569e-04  1.943e-04  2.373e-04  2.862e-04  3.414e-04  4.033e-04  4.722e-04  5.485e-04  6.327e-04  7.250e-04  8.259e-04  9.358e-04  1.055e-03  1.184e-03  1.323e-03  1.472e-03  1.633e-03  1.804e-03  1.987e-03  2.183e-03  2.390e-03  2.610e-03  2.844e-03  3.090e-03  3.351e-03  3.626e-03  3.915e-03  4.220e-03  4.540e-03  4.875e-03  5.227e-03  5.595e-03  5.979e-03  6.381e-03  6.801e-03  7.238e-03  7.694e-03  8.168e-03  8.661e-03  9.174e-03  9.706e-03  1.026e-02  1.083e-02  1.142e-02  1.204e-02  1.267e-02  1.333e-02  1.401e-02  1.471e-02  1.544e-02  
2.602e-04  3.277e-04  4.059e-04  4.957e-04  5.979e-04  7.131e-04  8.424e-04  9.863e-04  1.146e-03  1.321e-03  1.514e-03  1.725e-03  1.955e-03  2.203e-03  2.473e-03  2.763e-03  3.075e-03  3.409e-03  3.767e-03  4.149e-03  4.556e-03  4.989e-03  5.448e-03  5.935e-03  6.449e-03  6.993e-03  7.565e-03  8.168e-03  8.803e-03  9.468e-03  1.017e-02  1.090e-02  1.166e-02  1.246e-02  1.330e-02  1.417e-02  1.508e-02  1.603e-02  1.701e-02  1.803e-02  1.910e-02  2.020e-02  2.134e-02  2.253e-02  2.376e-02  2.503e-02  2.634e-02  2.770e-02  2.910e-02  3.055e-02  3.205e-02  
5.436e-04  6.846e-04  8.480e-04  1.035e-03  1.249e-03  1.489e-03  1.759e-03  2.060e-03  2.393e-03  2.759e-03  3.162e-03  3.602e-03  4.080e-03  4.600e-03  5.161e-03  5.766e-03  6.416e-03  7.114e-03  7.860e-03  8.656e-03  9.503e-03  1.040e-02  1.136e-02  1.237e-02  1.344e-02  1.457e-02  1.576e-02  1.701e-02  1.833e-02  1.971e-02  2.115e-02  2.267e-02  2.425e-02  2.591e-02  2.763e-02  2.943e-02  3.130e-02  3.325e-02  3.528e-02  3.739e-02  3.957e-02  4.183e-02  4.418e-02  4.661e-02  4.912e-02  5.172e-02  5.440e-02  5.717e-02  6.003e-02  6.298e-02  6.601e-02  
1.135e-03  1.430e-03  1.771e-03  2.162e-03  2.607e-03  3.110e-03  3.673e-03  4.300e-03  4.994e-03  5.759e-03  6.598e-03  7.514e-03  8.511e-03  9.592e-03  1.076e-02  1.202e-02  1.337e-02  1.482e-02  1.637e-02  1.802e-02  1.978e-02  2.164e-02  2.362e-02  2.571e-02  2.792e-02  3.025e-02  3.270e-02  3.528e-02  3.799e-02  4.082e-02  4.379e-02  4.689e-02  5.013e-02  5.351e-02  5.703e-02  6.070e-02  6.451e-02  6.846e-02  7.257e-02  7.682e-02  8.123e-02  8.579e-02  9.050e-02  9.537e-02  1.004e-01  1.056e-01  1.109e-01  1.164e-01  1.221e-01  1.279e-01  1.339e-01  
2.371e-03  2.985e-03  3.697e-03  4.513e-03  5.441e-03  6.488e-03  7.661e-03  8.966e-03  1.041e-02  1.200e-02  1.375e-02  1.565e-02  1.772e-02  1.996e-02  2.238e-02  2.498e-02  2.778e-02  3.077e-02  3.396e-02  3.735e-02  4.096e-02  4.479e-02  4.884e-02  5.312e-02  5.762e-02  6.236e-02  6.734e-02  7.256e-02  7.803e-02  8.374e-02  8.971e-02  9.593e-02  1.024e-01  1.091e-01  1.161e-01  1.234e-01  1.309e-01  1.387e-01  1.467e-01  1.550e-01  1.636e-01  1.724e-01  1.815e-01  1.908e-01  2.004e-01  2.103e-01  2.204e-01  2.307e-01  2.413e-01  2.522e-01  2.633e-01  
4.947e-03  6.227e-03  7.710e-03  9.409e-03  1.134e-02  1.352e-02  1.595e-02  1.866e-02  2.165e-02  2.494e-02  2.855e-02  3.247e-02  3.673e-02  4.133e-02  4.629e-02  5.162e-02  5.731e-02  6.340e-02  6.987e-02  7.674e-02  8.402e-02  9.171e-02  9.981e-02  1.083e-01  1.173e-01  1.267e-01  1.365e-01  1.467e-01  1.574e-01  1.684e-01  1.800e-01  1.919e-01  2.042e-01  2.170e-01  2.302e-01  2.438e-01  2.578e-01  2.721e-01  2.869e-01  3.020e-01  3.174e-01  3.332e-01  3.494e-01  3.659e-01  3.826e-01  3.997e-01  4.171e-01  4.347e-01  4.525e-01  4.707e-01  4.890e-01  
1.031e-02  1.297e-02  1.605e-02  1.957e-02  2.357e-02  2.806e-02  3.308e-02  3.865e-02  4.479e-02  5.152e-02  5.886e-02  6.683e-02  7.545e-02  8.473e-02  9.468e-02  1.053e-01  1.166e-01  1.286e-01  1.414e-01  1.548e-01  1.689e-01  1.837e-01  1.992e-01  2.154e-01  2.323e-01  2.498e-01  2.679e-01  2.867e-01  3.061e-01  3.260e-01  3.466e-01  3.676e-01  3.892e-01  4.112e-01  4.337e-01  4.565e-01  4.798e-01  5.034e-01  5.274e-01  5.516e-01  5.761e-01  6.007e-01  6.256e-01  6.506e-01  6.757e-01  7.009e-01  7.261e-01  7.514e-01  7.766e-01  8.018e-01  8.270e-01  
2.143e-02  2.693e-02  3.327e-02  4.050e-02  4.868e-02  5.784e-02  6.803e-02  7.927e-02  9.160e-02  1.050e-01  1.196e-01  1.353e-01  1.521e-01  1.701e-01  1.892e-01  2.095e-01  2.308e-01  2.532e-01  2.767e-01  3.011e-01  3.265e-01  3.528e-01  3.800e-01  4.080e-01  4.367e-01  4.661e-01  4.961e-01  5.266e-01  5.576e-01  5.890e-01  6.207e-01  6.527e-01  6.848e-01  7.171e-01  7.494e-01  7.817e-01  8.140e-01  8.461e-01  8.780e-01  9.096e-01  9.410e-01  9.720e-01  1.003e+00  1.033e+00  1.063e+00  1.092e+00  1.121e+00  1.149e+00  1.177e+00  1.204e+00  1.231e+00  
4.427e-02  5.547e-02  6.832e-02  8.289e-02  9.923e-02  1.174e-01  1.374e-01  1.593e-01  1.830e-01  2.085e-01  2.358e-01  2.649e-01  2.956e-01  3.279e-01  3.617e-01  3.968e-01  4.332e-01  4.707e-01  5.091e-01  5.484e-01  5.884e-01  6.289e-01  6.698e-01  7.109e-01  7.522e-01  7.934e-01  8.344e-01  8.753e-01  9.157e-01  9.556e-01  9.950e-01  1.034e+00  1.072e+00  1.109e+00  1.145e+00  1.181e+00  1.215e+00  1.249e+00  1.282e+00  1.313e+00  1.344e+00  1.374e+00  1.402e+00  1.430e+00  1.457e+00  1.483e+00  1.507e+00  1.531e+00  1.554e+00  1.576e+00  1.597e+00  
9.023e-02  1.124e-01  1.375e-01  1.657e-01  1.968e-01  2.308e-01  2.676e-01  3.071e-01  3.491e-01  3.933e-01  4.395e-01  4.875e-01  5.369e-01  5.875e-01  6.390e-01  6.910e-01  7.433e-01  7.957e-01  8.477e-01  8.993e-01  9.502e-01  1.000e+00  1.049e+00  1.097e+00  1.143e+00  1.188e+00  1.232e+00  1.274e+00  1.314e+00  1.353e+00  1.391e+00  1.426e+00  1.460e+00  1.493e+00  1.524e+00  1.553e+00  1.581e+00  1.608e+00  1.634e+00  1.658e+00  1.680e+00  1.702e+00  1.723e+00  1.742e+00  1.760e+00  1.778e+00  1.794e+00  1.810e+00  1.825e+00  1.839e+00  1.852e+00  
1.787e-01  2.201e-01  2.659e-01  3.160e-01  3.699e-01  4.271e-01  4.872e-01  5.495e-01  6.136e-01  6.787e-01  7.444e-01  8.101e-01  8.752e-01  9.394e-01  1.002e+00  1.063e+00  1.123e+00  1.180e+00  1.235e+00  1.287e+00  1.337e+00  1.384e+00  1.429e+00  1.472e+00  1.512e+00  1.549e+00  1.585e+00  1.618e+00  1.649e+00  1.678e+00  1.705e+00  1.731e+00  1.755e+00  1.777e+00  1.798e+00  1.817e+00  1.836e+00  1.853e+00  1.868e+00  1.883e+00  1.897e+00  1.910e+00  1.922e+00  1.933e+00  1.943e+00  1.953e+00  1.962e+00  1.971e+00  1.979e+00  1.986e+00  1.993e+00  
3.343e-01  4.032e-01  4.766e-01  5.535e-01  6.328e-01  7.133e-01  7.941e-01  8.741e-01  9.527e-01  1.029e+00  1.103e+00  1.173e+00  1.240e+00  1.303e+00  1.363e+00  1.418e+00  1.470e+00  1.519e+00  1.564e+00  1.605e+00  1.644e+00  1.679e+00  1.712e+00  1.742e+00  1.770e+00  1.796e+00  1.820e+00  1.841e+00  1.861e+00  1.880e+00  1.896e+00  1.912e+00  1.926e+00  1.939e+00  1.952e+00  1.963e+00  1.973e+00  1.982e+00  1.991e+00  1.999e+00  2.006e+00  2.013e+00  2.019e+00  2.025e+00  2.031e+00  2.035e+00  2.040e+00  2.044e+00  2.048e+00  2.051e+00  2.054e+00  
5.667e-01  6.620e-01  7.580e-01  8.532e-01  9.463e-01  1.036e+00  1.121e+00  1.202e+00  1.278e+00  1.349e+00  1.414e+00  1.474e+00  1.529e+00  1.580e+00  1.626e+00  1.668e+00  1.707e+00  1.741e+00  1.773e+00  1.802e+00  1.828e+00  1.851e+00  1.873e+00  1.892e+00  1.910e+00  1.926e+00  1.941e+00  1.954e+00  1.966e+00  1.977e+00  1.987e+00  1.996e+00  2.005e+00  2.012e+00  2.019e+00  2.025e+00  2.031e+00  2.036e+00  2.041e+00  2.045e+00  2.049e+00  2.053e+00  2.056e+00  2.059e+00  2.061e+00  2.064e+00  2.066e+00  2.067e+00  2.069e+00  2.071e+00  2.072e+00  
8.393e-01  9.439e-01  1.044e+00  1.137e+00  1.225e+00  1.305e+00  1.380e+00  1.447e+00  1.509e+00  1.565e+00  1.615e+00  1.661e+00  1.702e+00  1.739e+00  1.772e+00  1.802e+00  1.829e+00  1.853e+00  1.875e+00  1.895e+00  1.913e+00  1.929e+00  1.943e+00  1.956e+00  1.968e+00  1.978e+00  1.988e+00  1.997e+00  2.005e+00  2.012e+00  2.018e+00  2.024e+00  2.029e+00  2.034e+00  2.038e+00  2.042e+00  2.045e+00  2.049e+00  2.051e+00  2.054e+00  2.056e+00  2.058e+00  2.060e+00  2.062e+00  2.063e+00  2.064e+00  2.065e+00  2.066e+00  2.067e+00  2.067e+00  2.068e+00  
1.081e+00  1.175e+00  1.261e+00  1.339e+00  1.411e+00  1.475e+00  1.534e+00  1.586e+00  1.634e+00  1.677e+00  1.715e+00  1.749e+00  1.780e+00  1.808e+00  1.833e+00  1.856e+00  1.876e+00  1.894e+00  1.910e+00  1.925e+00  1.939e+00  1.951e+00  1.961e+00  1.971e+00  1.980e+00  1.988e+00  1.995e+00  2.002e+00  2.008e+00  2.013e+00  2.018e+00  2.022e+00  2.026e+00  2.030e+00  2.033e+00  2.036e+00  2.039e+00  2.041e+00  2.043e+00  2.045e+00  2.046e+00  2.048e+00  2.049e+00  2.050e+00  2.051e+00  2.052e+00  2.053e+00  2.053e+00  2.053e+00  2.054e+00  2.054e+00  
1.241e+00  1.316e+00  1.384e+00  1.446e+00  1.503e+00  1.554e+00  1.600e+00  1.642e+00  1.681e+00  1.715e+00  1.746e+00  1.774e+00  1.800e+00  1.823e+00  1.844e+00  1.862e+00  1.879e+00  1.895e+00  1.909e+00  1.921e+00  1.933e+00  1.943e+00  1.953e+00  1.961e+00  1.969e+00  1.976e+00  1.982e+00  1.988e+00  1.993e+00  1.998e+00  2.003e+00  2.006e+00  2.010e+00  2.013e+00  2.016e+00  2.019e+00  2.021e+00  2.023e+00  2.025e+00  2.027e+00  2.028e+00  2.030e+00  2.031e+00  2.032e+00  2.033e+00  2.033e+00  2.034e+00  2.034e+00  2.035e+00  2.035e+00  2.035e+00  
1.321e+00  1.379e+00  1.434e+00  1.484e+00  1.530e+00  1.573e+00  1.613e+00  1.649e+00  1.682e+00  1.712e+00  1.739e+00  1.764e+00  1.787e+00  1.808e+00  1.827e+00  1.844e+00  1.860e+00  1.875e+00  1.888e+00  1.900e+00  1.911e+00  1.921e+00  1.930e+00  1.938e+00  1.946e+00  1.953e+00  1.959e+00  1.965e+00  1.970e+00  1.975e+00  1.979e+00  1.983e+00  1.987e+00  1.990e+00  1.993e+00  1.996e+00  1.998e+00  2.001e+00  2.003e+00  2.004e+00  2.006e+00  2.007e+00  2.009e+00  2.010e+00  2.011e+00  2.012e+00  2.012e+00  2.013e+00  2.013e+00  2.014e+00  2.014e+00  
1.348e+00  1.395e+00  1.441e+00  1.484e+00  1.524e+00  1.562e+00  1.597e+00  1.630e+00  1.660e+00  1.688e+00  1.714e+00  1.737e+00  1.759e+00  1.779e+00  1.798e+00  1.815e+00  1.830e+00  1.844e+00  1.858e+00  1.870e+00  1.881e+00  1.891e+00  1.900e+00  1.909e+00  1.917e+00  1.924e+00  1.930e+00  1.937e+00  1.942e+00  1.947e+00  1.952e+00  1.956e+00  1.960e+00  1.964e+00  1.967e+00  1.970e+00  1.973e+00  1.975e+00  1.978e+00  1.980e+00  1.982e+00  1.983e+00  1.985e+00  1.986e+00  1.987e+00  1.988e+00  1.989e+00  1.990e+00  1.990e+00  1.991e+00  1.991e+00  
1.346e+00  1.387e+00  1.426e+00  1.465e+00  1.501e+00  1.536e+00  1.568e+00  1.599e+00  1.628e+00  1.655e+00  1.680e+00  1.703e+00  1.724e+00  1.744e+00  1.763e+00  1.780e+00  1.795e+00  1.810e+00  1.823e+00  1.836e+00  1.847e+00  1.858e+00  1.867e+00  1.876e+00  1.885e+00  1.892e+00  1.900e+00  1.906e+00  1.912e+00  1.918e+00  1.923e+00  1.928e+00  1.932e+00  1.936e+00  1.940e+00  1.943e+00  1.946e+00  1.949e+00  1.951e+00  1.954e+00  1.956e+00  1.958e+00  1.959e+00  1.961e+00  1.962e+00  1.964e+00  1.965e+00  1.965e+00  1.966e+00  1.967e+00  1.967e+00  
1.331e+00  1.367e+00  1.402e+00  1.437e+00  1.471e+00  1.503e+00  1.534e+00  1.563e+00  1.591e+00  1.617e+00  1.641e+00  1.664e+00  1.686e+00  1.706e+00  1.724e+00  1.741e+00  1.757e+00  1.772e+00  1.786e+00  1.799e+00  1.811e+00  1.822e+00  1.832e+00  1.842e+00  1.851e+00  1.859e+00  1.867e+00  1.874e+00  1.880e+00  1.886e+00  1.892e+00  1.897e+00  1.902e+00  1.906e+00  1.910e+00  1.914e+00  1.918e+00  1.921e+00  1.924e+00  1.926e+00  1.929e+00  1.931e+00  1.933e+00  1.935e+00  1.936e+00  1.937e+00  1.939e+00  1.940e+00  1.941e+00  1.941e+00  1.942e+00  
1.310e+00  1.342e+00  1.374e+00  1.406e+00  1.437e+00  1.468e+00  1.497e+00  1.525e+00  1.552e+00  1.577e+00  1.601e+00  1.624e+00  1.645e+00  1.665e+00  1.684e+00  1.702e+00  1.718e+00  1.733e+00  1.748e+00  1.761e+00  1.774e+00  1.785e+00  1.796e+00  1.806e+00  1.815e+00  1.824e+00  1.832e+00  1.840e+00  1.847e+00  1.853e+00  1.860e+00  1.865e+00  1.870e+00  1.875e+00  1.880e+00  1.884e+00  1.888e+00  1.891e+00  1.894e+00  1.897e+00  1.900e+00  1.902e+00  1.905e+00  1.907e+00  1.908e+00  1.910e+00  1.911e+00  1.913e+00  1.914e+00  1.915e+00  1.915e+00  
1.288e+00  1.316e+00  1.345e+00  1.374e+00  1.403e+00  1.432e+00  1.460e+00  1.487e+00  1.513e+00  1.537e+00  1.561e+00  1.583e+00  1.605e+00  1.625e+00  1.643e+00  1.661e+00  1.678e+00  1.693e+00  1.708e+00  1.722e+00  1.735e+00  1.747e+00  1.758e+00  1.769e+00  1.779e+00  1.788e+00  1.797e+00  1.805e+00  1.812e+00  1.819e+00  1.826e+00  1.832e+00  1.837e+00  1.843e+00  1.847e+00  1.852e+00  1.856e+00  1.860e+00  1.863e+00  1.867e+00  1.870e+00  1.872e+00  1.875e+00  1.877e+00  1.879e+00  1.881e+00  1.882e+00  1.884e+00  1.885e+00  1.886e+00  1.887e+00  
1.265e+00  1.290e+00  1.316e+00  1.343e+00  1.370e+00  1.397e+00  1.423e+00  1.449e+00  1.474e+00  1.497e+00  1.520e+00  1.542e+00  1.563e+00  1.583e+00  1.602e+00  1.620e+00  1.636e+00  1.652e+00  1.667e+00  1.681e+00  1.695e+00  1.707e+00  1.719e+00  1.730e+00  1.740e+00  1.750e+00  1.759e+00  1.768e+00  1.776e+00  1.783e+00  1.790e+00  1.796e+00  1.802e+00  1.808e+00  1.813e+00  1.818e+00  1.823e+00  1.827e+00  1.831e+00  1.834e+00  1.837e+00  1.840e+00  1.843e+00  1.845e+00  1.847e+00  1.849e+00  1.851e+00  1.853e+00  1.854e+00  1.855e+00  1.856e+00  
1.244e+00  1.266e+00  1.289e+00  1.313e+00  1.338e+00  1.363e+00  1.387e+00  1.411e+00  1.435e+00  1.458e+00  1.480e+00  1.501e+00  1.522e+00  1.541e+00  1.560e+00  1.578e+00  1.595e+00  1.611e+00  1.626e+00  1.640e+00  1.654e+00  1.666e+00  1.678e+00  1.690e+00  1.701e+00  1.711e+00  1.720e+00  1.729e+00  1.737e+00  1.745e+00  1.752e+00  1.759e+00  1.766e+00  1.772e+00  1.777e+00  1.782e+00  1.787e+00  1.791e+00  1.796e+00  1.799e+00  1.803e+00  1.806e+00  1.809e+00  1.811e+00  1.814e+00  1.816e+00  1.818e+00  1.819e+00  1.821e+00  1.822e+00  1.823e+00  
1.224e+00  1.243e+00  1.263e+00  1.285e+00  1.307e+00  1.330e+00  1.353e+00  1.375e+00  1.398e+00  1.419e+00  1.441e+00  1.461e+00  1.481e+00  1.500e+00  1.518e+00  1.536e+00  1.552e+00  1.568e+00  1.584e+00  1.598e+00  1.612e+00  1.625e+00  1.637e+00  1.648e+00  1.659e+00  1.670e+00  1.679e+00  1.689e+00  1.697e+00  1.705e+00  1.713e+00  1.720e+00  1.727e+00  1.733e+00  1.739e+00  1.744e+00  1.749e+00  1.754e+00  1.758e+00  1.762e+00  1.766e+00  1.769e+00  1.772e+00  1.775e+00  1.777e+00  1.780e+00  1.781e+00  1.783e+00  1.785e+00  1.786e+00  1.787e+00  
1.206e+00  1.222e+00  1.240e+00  1.259e+00  1.279e+00  1.299e+00  1.320e+00  1.341e+00  1.362e+00  1.382e+00  1.402e+00  1.422e+00  1.441e+00  1.459e+00  1.477e+00  1.494e+00  1.510e+00  1.526e+00  1.541e+00  1.555e+00  1.569e+00  1.582e+00  1.594e+00  1.606e+00  1.617e+00  1.627e+00  1.637e+00  1.647e+00  1.656e+00  1.664e+00  1.672e+00  1.679e+00  1.686e+00  1.692e+00  1.698e+00  1.704e+00  1.709e+00  1.714e+00  1.719e+00  1.723e+00  1.726e+00  1.730e+00  1.733e+00  1.736e+00  1.738e+00  1.741e+00  1.743e+00  1.744e+00  1.746e+00  1.747e+00  1.748e+00  
