51 51
   0.00017    0.00013    0.00011    0.00009    0.00008    0.00007    0.00006    0.00006    0.00005    0.00005    0.00004    0.00004    0.00004    0.00003    0.00003    0.00003    0.00003    0.00003    0.00003    0.00002    0.00002    0.00002    0.00002    0.00002    0.00002    0.00002    0.00002    0.00002    0.00002    0.00002    0.00002    0.00002    0.00002    0.00002    0.00002    0.00002    0.00002    0.00002    0.00002    0.00002    0.00002    0.00002    0.00002    0.00002    0.00002    0.00002    0.00002    0.00002    0.00002    0.00002    0.00002
   0.00020    0.00016    0.00013    0.00011    0.00010    0.00008    0.00007    0.00007    0.00006    0.00005    0.00005    0.00005    0.00004    0.00004    0.00004    0.00004    0.00003    0.00003    0.00003    0.00003    0.00003    0.00003    0.00003    0.00003    0.00003    0.00003    0.00003    0.00002    0.00002    0.00002    0.00002    0.00002    0.00002    0.00002    0.00002    0.00002    0.00002    0.00002    0.00002    0.00002    0.00002    0.00002    0.00002    0.00002    0.00002    0.00002    0.00002    0.00002    0.00002    0.00002    0.00002
   0.00024    0.00020    0.00016    0.00014    0.00012    0.00010    0.00009    0.00008    0.00007    0.00007    0.00006    0.00006    0.00005    0.00005    0.00005    0.00004    0.00004    0.00004    0.00004    0.00004    0.00004    0.00004    0.00003    0.00003    0.00003    0.00003    0.00003    0.00003    0.00003    0.00003    0.00003    0.00003    0.00003    0.00003    0.00003    0.00003    0.00003    0.00003    0.00003    0.00003    0.00003    0.00003    0.00003    0.00003    0.00003    0.00003    0.00003    0.00003    0.00003    0.00003    0.00003
   0.00029    0.00024    0.00020    0.00017    0.00014    0.00012    0.00011    0.00010    0.00009    0.00008    0.00008    0.00007    0.00007    0.00006    0.00006    0.00006    0.00005    0.00005    0.00005    0.00005    0.00005    0.00005    0.00005    0.00004    0.00004    0.00004    0.00004    0.00004    0.00004    0.00004    0.00004    0.00004    0.00004    0.00004    0.00004    0.00004    0.00004    0.00004    0.00004    0.00004    0.00004    0.00004    0.00004    0.00004    0.00004    0.00004    0.00004    0.00004    0.00004    0.00005    0.00005
   0.00035    0.00029    0.00024    0.00020    0.00017    0.00015    0.00014    0.00012    0.00011    0.00010    0.00010    0.00009    0.00008    0.00008    0.00008    0.00007    0.00007    0.00007    0.00007    0.00006    0.00006    0.00006    0.00006    0.00006    0.00006    0.00006    0.00006    0.00006    0.00006    0.00006    0.00006    0.00006    0.00006    0.00006    0.00006    0.00006    0.00006    0.00006    0.00006    0.00006    0.00006    0.00006    0.00006    0.00006    0.00006    0.00006    0.00006    0.00006    0.00007    0.00007    0.00007
   0.00043    0.00035    0.00029    0.00025    0.00021    0.00019    0.00017    0.00015    0.00014    0.00013    0.00012    0.00011    0.00011    0.00010    0.00010    0.00009    0.00009    0.00009    0.00009    0.00009    0.00008    0.00008    0.00008    0.00008    0.00008    0.00008    0.00008    0.00008    0.00008    0.00008    0.00008    0.00008    0.00008    0.00008    0.00008    0.00008    0.00008    0.00008    0.00009    0.00009    0.00009    0.00009    0.00009    0.00009    0.00009    0.00009    0.00010    0.00010    0.00010    0.00010    0.00010
   0.00052    0.00043    0.00036    0.00031    0.00027    0.00024    0.00021    0.00019    0.00018    0.00017    0.00016    0.00015    0.00014    0.00014    0.00013    0.00013    0.00012    0.00012    0.00012    0.00012    0.00012    0.00012    0.00011    0.00011    0.00011    0.00011    0.00011    0.00011    0.00012    0.00012    0.00012    0.00012    0.00012    0.00012    0.00012    0.00012    0.00013    0.00013    0.00013    0.00013    0.00013    0.00013    0.00014    0.00014    0.00014    0.00014    0.00015    0.00015    0.00015    0.00015    0.00016
   0.00064    0.00052    0.00044    0.00038    0.00034    0.00030    0.00027    0.00025    0.00023    0.00022    0.00021    0.00020    0.00019    0.00018    0.00018    0.00017    0.00017    0.00017    0.00017    0.00017    0.00017    0.00016    0.00016    0.00016    0.00017    0.00017    0.00017    0.00017    0.00017    0.00017    0.00017    0.00018    0.00018    0.00018    0.00019    0.00019    0.00019    0.00019    0.00020    0.00020    0.00021    0.00021    0.00021    0.00022    0.00022    0.00023    0.00023    0.00024    0.00024    0.00025    0.00025
   0.00079    0.00065    0.00056    0.00048    0.00043    0.00039    0.00036    0.00033    0.00031    0.00029    0.00028    0.00027    0.00026    0.00025    0.00025    0.00025    0.00024    0.00024    0.00024    0.00024    0.00024    0.00024    0.00024    0.00024    0.00025    0.00025    0.00025    0.00026    0.00026    0.00026    0.00027    0.00027    0.00028    0.00028    0.00029    0.00029    0.00030    0.00031    0.00031    0.00032    0.00033    0.00033    0.00034    0.00035    0.00036    0.00037    0.00037    0.00038    0.00039    0.00040    0.00041
   0.00099    0.00082    0.00071    0.00062    0.00056    0.00051    0.00047    0.00044    0.00042    0.00040    0.00039    0.00038    0.00037    0.00036    0.00036    0.00035    0.00035    0.00035    0.00035    0.00035    0.00036    0.00036    0.00037    0.00037    0.00038    0.00038    0.00039    0.00040    0.00040    0.00041    0.00042    0.00043    0.00044    0.00045    0.00046    0.00047    0.00048    0.00049    0.00050    0.00052    0.00053    0.00054    0.00056    0.00057    0.00059    0.00060    0.00062    0.00063    0.00065    0.00067    0.00068
   0.00125    0.00106    0.00092    0.00082    0.00074    0.00068    0.00064    0.00061    0.00058    0.00056    0.00055    0.00054    0.00053    0.00052    0.00052    0.00052    0.00052    0.00053    0.00053    0.00054    0.00055    0.00055    0.00056    0.00057    0.00059    0.00060    0.00061    0.00062    0.00064    0.00066    0.00067    0.00069    0.00071    0.00073    0.00074    0.00077    0.00079    0.00081    0.00083    0.00085    0.00088    0.00090    0.00093    0.00095    0.00098    0.00101    0.00103    0.00106    0.00109    0.00112    0.00116
   0.00161    0.00138    0.00121    0.00109    0.00101    0.00094    0.00089    0.00085    0.00082    0.00080    0.00079    0.00078    0.00078    0.00078    0.00078    0.00079    0.00079    0.00081    0.00082    0.00083    0.00085    0.00087    0.00089    0.00091    0.00093    0.00095    0.00098    0.00101    0.00103    0.00106    0.00110    0.00113    0.00116    0.00120    0.00123    0.00127    0.00131    0.00135    0.00139    0.00143    0.00147    0.00152    0.00156    0.00161    0.00166    0.00171    0.00176    0.00182    0.00187    0.00192    0.00198
   0.00211    0.00183    0.00164    0.00150    0.00139    0.00132    0.00126    0.00122    0.00120    0.00118    0.00117    0.00117    0.00117    0.00118    0.00119    0.00121    0.00123    0.00126    0.00129    0.00132    0.00135    0.00139    0.00142    0.00146    0.00151    0.00155    0.00160    0.00165    0.00170    0.00176    0.00182    0.00188    0.00194    0.00200    0.00207    0.00214    0.00221    0.00228    0.00235    0.00243    0.00251    0.00259    0.00268    0.00277    0.00286    0.00295    0.00304    0.00314    0.00324    0.00334    0.00345
   0.00281    0.00249    0.00226    0.00209    0.00198    0.00189    0.00183    0.00180    0.00178    0.00177    0.00177    0.00178    0.00180    0.00183    0.00187    0.00191    0.00195    0.00200    0.00206    0.00212    0.00219    0.00225    0.00233    0.00241    0.00249    0.00257    0.00266    0.00276    0.00285    0.00296    0.00306    0.00317    0.00328    0.00340    0.00352    0.00365    0.00378    0.00392    0.00405    0.00420    0.00434    0.00450    0.00465    0.00481    0.00498    0.00515    0.00532    0.00550    0.00568    0.00587    0.00606
   0.00384    0.00345    0.00318    0.00299    0.00286    0.00278    0.00273    0.00270    0.00270    0.00271    0.00274    0.00278    0.00284    0.00290    0.00298    0.00306    0.00315    0.00325    0.00336    0.00348    0.00360    0.00373    0.00387    0.00402    0.00417    0.00433    0.00450    0.00467    0.00485    0.00504    0.00524    0.00544    0.00565    0.00587    0.00609    0.00632    0.00656    0.00681    0.00707    0.00733    0.00760    0.00788    0.00817    0.00846    0.00877    0.00908    0.00940    0.00973    0.01007    0.01042    0.01077
   0.00535    0.00490    0.00459    0.00438    0.00425    0.00417    0.00414    0.00414    0.00418    0.00424    0.00432    0.00442    0.00454    0.00468    0.00483    0.00500    0.00518    0.00537    0.00558    0.00580    0.00604    0.00628    0.00654    0.00681    0.00710    0.00739    0.00770    0.00802    0.00836    0.00871    0.00907    0.00945    0.00983    0.01024    0.01065    0.01108    0.01152    0.01198    0.01245    0.01294    0.01344    0.01396    0.01449    0.01504    0.01560    0.01618    0.01677    0.01738    0.01801    0.01865    0.01931
   0.00762    0.00710    0.00676    0.00655    0.00643    0.00639    0.00642    0.00649    0.00661    0.00676    0.00695    0.00717    0.00741    0.00768    0.00798    0.00830    0.00865    0.00902    0.00941    0.00983    0.01026    0.01072    0.01121    0.01171    0.01224    0.01279    0.01336    0.01396    0.01458    0.01523    0.01590    0.01659    0.01731    0.01805    0.01882    0.01962    0.02044    0.02128    0.02216    0.02306    0.02399    0.02494    0.02593    0.02694    0.02798    0.02905    0.03015    0.03128    0.03244    0.03363    0.03485
   0.01107    0.01050    0.01016    0.00998    0.00994    0.01000    0.01014    0.01036    0.01064    0.01098    0.01137    0.01181    0.01229    0.01282    0.01339    0.01401    0.01466    0.01536    0.01609    0.01686    0.01768    0.01854    0.01943    0.02037    0.02135    0.02237    0.02343    0.02454    0.02569    0.02688    0.02812    0.02941    0.03073    0.03211    0.03353    0.03500    0.03652    0.03808    0.03970    0.04136    0.04308    0.04484    0.04666    0.04853    0.05045    0.05242    0.05445    0.05654    0.05868    0.06087    0.06312
   0.01638    0.01583    0.01557    0.01552    0.01564    0.01592    0.01631    0.01682    0.01743    0.01812    0.01890    0.01975    0.02069    0.02170    0.02278    0.02393    0.02516    0.02645    0.02782    0.02927    0.03078    0.03237    0.03403    0.03576    0.03758    0.03946    0.04143    0.04347    0.04559    0.04779    0.05008    0.05244    0.05489    0.05742    0.06004    0.06275    0.06554    0.06842    0.07139    0.07445    0.07760    0.08084    0.08418    0.08761    0.09114    0.09476    0.09848    0.10230    0.10622    0.11024    0.11435
   0.02464    0.02426    0.02423    0.02450    0.02500    0.02572    0.02662    0.02769    0.02892    0.03029    0.03179    0.03343    0.03520    0.03710    0.03913    0.04128    0.04356    0.04597    0.04850    0.05117    0.05396    0.05689    0.05995    0.06314    0.06647    0.06994    0.07355    0.07729    0.08118    0.08522    0.08940    0.09373    0.09820    0.10283    0.10761    0.11255    0.11764    0.12288    0.12829    0.13386    0.13958    0.14547    0.15153    0.15774    0.16413    0.17068    0.17740    0.18429    0.19135    0.19858    0.20598
   0.03752    0.03762    0.03818    0.03913    0.04042    0.04203    0.04391    0.04605    0.04844    0.05106    0.05392    0.05700    0.06031    0.06384    0.06759    0.07156    0.07576    0.08018    0.08483    0.08971    0.09481    0.10015    0.10573    0.11154    0.11759    0.12389    0.13043    0.13722    0.14426    0.15155    0.15910    0.16690    0.17496    0.18328    0.19186    0.20071    0.20982    0.21920    0.22884    0.23876    0.24894    0.25939    0.27010    0.28109    0.29235    0.30388    0.31567    0.32773    0.34006    0.35265    0.36550
   0.05752    0.05875    0.06056    0.06290    0.06573    0.06902    0.07274    0.07687    0.08140    0.08633    0.09163    0.09733    0.10340    0.10985    0.11668    0.12390    0.13150    0.13949    0.14788    0.15665    0.16583    0.17540    0.18538    0.19576    0.20655    0.21775    0.22936    0.24139    0.25383    0.26669    0.27997    0.29366    0.30777    0.32229    0.33723    0.35257    0.36833    0.38449    0.40106    0.41802    0.43537    0.45311    0.47123    0.48971    0.50857    0.52777    0.54732    0.56720    0.58740    0.60792    0.62873
   0.08817    0.09171    0.09599    0.10100    0.10670    0.11309    0.12015    0.12785    0.13620    0.14519    0.15481    0.16507    0.17596    0.18749    0.19965    0.21245    0.22590    0.23999    0.25472    0.27009    0.28612    0.30279    0.32010    0.33806    0.35666    0.37589    0.39575    0.41624    0.43734    0.45904    0.48134    0.50422    0.52767    0.55167    0.57619    0.60124    0.62677    0.65277    0.67922    0.70608    0.73333    0.76094    0.78889    0.81712    0.84563    0.87436    0.90329    0.93237    0.96158    0.99087    1.02021
   0.13410    0.14194    0.15074    0.16054    0.17135    0.18318    0.19602    0.20988    0.22475    0.24063    0.25753    0.27543    0.29434    0.31426    0.33518    0.35709    0.38000    0.40388    0.42873    0.45454    0.48128    0.50894    0.53749    0.56690    0.59715    0.62820    0.66001    0.69254    0.72574    0.75957    0.79396    0.82887    0.86423    0.89998    0.93606    0.97240    1.00892    1.04557    1.08227    1.11895    1.15554    1.19197    1.22818    1.26409    1.29966    1.33481    1.36949    1.40365    1.43724    1.47021    1.50253
   0.20084    0.21606    0.23254    0.25042    0.26975    0.29057    0.31291    0.33677    0.36215    0.38905    0.41745    0.44734    0.47868    0.51146    0.54564    0.58116    0.61799    0.65606    0.69530    0.73564    0.77700    0.81928    0.86237    0.90618    0.95059    0.99548    1.04072    1.08619    1.13175    1.17727    1.22262    1.26767    1.31230    1.35639    1.39983    1.44249    1.48430    1.52516    1.56499    1.60372    1.64129    1.67766    1.71278    1.74663    1.77920    1.81046    1.84042    1.86908    1.89646    1.92257    1.94744
   0.29469    0.32155    0.35016    0.38071    0.41330    0.44801    0.48483    0.52376    0.56477    0.60781    0.65278    0.69960    0.74816    0.79831    0.84991    0.90278    0.95674    1.01156    1.06705    1.12296    1.17905    1.23510    1.29085    1.34607    1.40052    1.45400    1.50631    1.55725    1.60668    1.65444    1.70042    1.74454    1.78672    1.82691    1.86509    1.90126    1.93542    1.96761    1.99786    2.02624    2.05279    2.07759    2.10072    2.12225    2.14226    2.16084    2.17807    2.19403    2.20879    2.22243    2.23504
   0.42306    0.46699    0.51332    0.56224    0.61385    0.66813    0.72501    0.78435    0.84596    0.90959    0.97494    1.04169    1.10946    1.17785    1.24644    1.31481    1.38251    1.44914    1.51429    1.57761    1.63876    1.69746    1.75350    1.80669    1.85691    1.90409    1.94820    1.98926    2.02732    2.06245    2.09478    2.12442    2.15152    2.17623    2.19869    2.21907    2.23751    2.25417    2.26919    2.28271    2.29486    2.30576    2.31552    2.32425    2.33205    2.33899    2.34517    2.35066    2.35551    2.35981    2.36359
   0.59514    0.66237    0.73257    0.80575    0.88179    0.96039    1.04112    1.12344    1.20672    1.29028    1.37338    1.45528    1.53525    1.61264    1.68684    1.75735    1.82378    1.88585    1.94338    1.99631    2.04467    2.08856    2.12816    2.16369    2.19540    2.22357    2.24849    2.27044    2.28970    2.30654    2.32121    2.33395    2.34497    2.35446    2.36261    2.36957    2.37549    2.38049    2.38469    2.38818    2.39106    2.39339    2.39524    2.39668    2.39775    2.39850    2.39897    2.39920    2.39920    2.39902    2.39867
   0.82060    0.91685    1.01564    1.11642    1.21835    1.32043    1.42150    1.52035    1.61579    1.70676    1.79234    1.87184    1.94480    2.01096    2.07032    2.12303    2.16940    2.20983    2.24480    2.27482    2.30041    2.32208    2.34031    2.35553    2.36817    2.37856    2.38705    2.39390    2.39936    2.40364    2.40692    2.40935    2.41107    2.41219    2.41279    2.41297    2.41278    2.41228    2.41153    2.41056    2.40941    2.40811    2.40667    2.40513    2.40350    2.40179    2.40002    2.39820    2.39634    2.39444    2.39251
   1.10118    1.22760    1.35311    1.47598    1.59434    1.70640    1.81060    1.90578    1.99121    2.06663    2.13218    2.18834    2.23583    2.27548    2.30821    2.33494    2.35652    2.37375    2.38734    2.39789    2.40595    2.41195    2.41628    2.41924    2.42108    2.42203    2.42225    2.42188    2.42104    2.41982    2.41829    2.41651    2.41454    2.41242    2.41017    2.40783    2.40541    2.40294    2.40043    2.39789    2.39533    2.39276    2.39019    2.38762    2.38506    2.38250    2.37996    2.37744    2.37494    2.37245    2.36999
   1.41802    1.56431    1.70117    1.82621    1.93772    2.03484    2.11755    2.18656    2.24304    2.28849    2.32446    2.35248    2.37397    2.39015    2.40208    2.41063    2.41652    2.42032    2.42249    2.42339    2.42331    2.42247    2.42103    2.41915    2.41692    2.41442    2.41173    2.40889    2.40594    2.40292    2.39984    2.39673    2.39360    2.39047    2.38734    2.38423    2.38114    2.37807    2.37502    2.37201    2.36903    2.36609    2.36319    2.36032    2.35749    2.35471    2.35196    2.34925    2.34658    2.34396    2.34137
   1.73393    1.87627    1.99813    2.09937    2.18119    2.24569    2.29542    2.33299    2.36080    2.38096    2.39520    2.40493    2.41123    2.41495    2.41674    2.41709    2.41635    2.41481    2.41267    2.41009    2.40719    2.40405    2.40074    2.39732    2.39382    2.39027    2.38670    2.38312    2.37955    2.37599    2.37247    2.36898    2.36553    2.36213    2.35877    2.35546    2.35220    2.34900    2.34584    2.34274    2.33969    2.33669    2.33375    2.33086    2.32802    2.32523    2.32248    2.31979    2.31715    2.31455    2.31200
   1.99529    2.10801    2.19501    2.26028    2.30805    2.34223    2.36614    2.38241    2.39308    2.39967    2.40328    2.40474    2.40464    2.40340    2.40134    2.39867    2.39558    2.39217    2.38855    2.38479    2.38092    2.37700    2.37306    2.36911    2.36518    2.36127    2.35741    2.35360    2.34983    2.34613    2.34249    2.33891    2.33540    2.33195    2.32857    2.32525    2.32201    2.31882    2.31570    2.31265    2.30966    2.30673    2.30385    2.30104    2.29829    2.29559    2.29294    2.29035    2.28781    2.28532    2.28288
   2.16329    2.23814    2.29095    2.32742    2.35206    2.36827    2.37851    2.38452    2.38752    2.38839    2.38773    2.38597    2.38342    2.38031    2.37679    2.37300    2.36901    2.36490    2.36072    2.35651    2.35229    2.34809    2.34393    2.33982    2.33577    2.33178    2.32787    2.32403    2.32026    2.31658    2.31297    2.30945    2.30600    2.30263    2.29933    2.29611    2.29297    2.28989    2.28689    2.28395    2.28108    2.27827    2.27553    2.27285    2.27023    2.26767    2.26516    2.26270    2.26030    2.25795    2.25565
   2.25016    2.29591    2.32629    2.34603    2.35841    2.36568    2.36938    2.37058    2.36999    2.36815    2.36541    2.36203    2.35822    2.35411    2.34980    2.34538    2.34090    2.33640    2.33192    2.32747    2.32309    2.31878    2.31454    2.31039    2.30633    2.30237    2.29850    2.29472    2.29103    2.28744    2.28394    2.28053    2.27720    2.27396    2.27081    2.26773    2.26473    2.26180    2.25895    2.25617    2.25346    2.25081    2.24823    2.24571    2.24325    2.24085    2.23850    2.23621    2.23397    2.23178    2.22964
   2.28949    2.31750    2.33514    2.34573    2.35148    2.35388    2.35395    2.35239    2.34969    2.34621    2.34220    2.33784    2.33326    2.32856    2.32380    2.31904    2.31431    2.30964    2.30505    2.30056    2.29616    2.29187    2.28768    2.28361    2.27964    2.27579    2.27204    2.26839    2.26485    2.26140    2.25806    2.25480    2.25164    2.24856    2.24557    2.24265    2.23982    2.23706    2.23437    2.23176    2.22921    2.22672    2.22430    2.22194    2.21964    2.21739    2.21520    2.21306    2.21097    2.20893    2.20694
   2.30587    2.32276    2.33233    2.33696    2.33825    2.33727    2.33475    2.33119    2.32695    2.32227    2.31734    2.31226    2.30714    2.30204    2.29699    2.29202    2.28717    2.28243    2.27782    2.27335    2.26901    2.26480    2.26072    2.25678    2.25296    2.24926    2.24568    2.24221    2.23885    2.23560    2.23245    2.22940    2.22643    2.22356    2.22077    2.21807    2.21544    2.21288    2.21040    2.20799    2.20564    2.20336    2.20114    2.19897    2.19687    2.19481    2.19281    2.19086    2.18895    2.18709    2.18528
   2.30963    2.31859    2.32235    2.32269    2.32079    2.31741    2.31310    2.30821    2.30298    2.29759    2.29214    2.28671    2.28136    2.27613    2.27103    2.26607    2.26128    2.25664    2.25215    2.24783    2.24365    2.23963    2.23574    2.23200    2.22838    2.22489    2.22152    2.21827    2.21512    2.21208    2.20914    2.20630    2.20354    2.20088    2.19829    2.19579    2.19335    2.19100    2.18871    2.18648    2.18432    2.18222    2.18018    2.17820    2.17626    2.17438    2.17255    2.17076    2.16902    2.16732    2.16566
   2.30285    2.30600    2.30561    2.30298    2.29894    2.29406    2.28869    2.28308    2.27738    2.27170    2.26610    2.26064    2.25533    2.25019    2.24524    2.24047    2.23588    2.23146    2.22722    2.22315    2.21923    2.21546    2.21184    2.20836    2.20501    2.20178    2.19867    2.19567    2.19277    2.18998    2.18728    2.18468    2.18216    2.17972    2.17736    2.17508    2.17286    2.17071    2.16863    2.16661    2.16465    2.16274    2.16089    2.15909    2.15734    2.15563    2.15397    2.15236    2.15078    2.14925    2.14775
   2.28847    2.28767    2.28460    2.28017    2.27495    2.26932    2.26351    2.25768    2.25191    2.24628    2.24082    2.23554    2.23047    2.22560    2.22092    2.21644    2.21215    2.20804    2.20410    2.20033    2.19671    2.19324    2.18991    2.18671    2.18363    2.18068    2.17783    2.17509    2.17245    2.16990    2.16745    2.16507    2.16278    2.16057    2.15842    2.15635    2.15434    2.15239    2.15051    2.14868    2.14690    2.14518    2.14350    2.14188    2.14029    2.13875    2.13726    2.13580    2.13438    2.13299    2.13164
   2.27056    2.26721    2.26252    2.25711    2.25135    2.24547    2.23961    2.23385    2.22826    2.22287    2.21768    2.21270    2.20794    2.20338    2.19902    2.19486    2.19088    2.18707    2.18343    2.17995    2.17661    2.17342    2.17035    2.16741    2.16459    2.16188    2.15927    2.15676    2.15435    2.15202    2.14978    2.14761    2.14552    2.14351    2.14155    2.13967    2.13784    2.13607    2.13436    2.13270    2.13109    2.12953    2.12801    2.12654    2.12510    2.12371    2.12236    2.12104    2.11976    2.11851    2.11729
   2.25130    2.24615    2.24037    2.23433    2.22825    2.22226    2.21644    2.21083    2.20545    2.20031    2.19541    2.19074    2.18629    2.18206    2.17804    2.17420    2.17055    2.16706    2.16374    2.16057    2.15753    2.15463    2.15186    2.14920    2.14665    2.14420    2.14185    2.13959    2.13741    2.13532    2.13331    2.13136    2.12949    2.12768    2.12593    2.12424    2.12260    2.12102    2.11948    2.11800    2.11656    2.11516    2.11380    2.11249    2.11121    2.10996    2.10875    2.10757    2.10643    2.10531    2.10423
   2.23142    2.22503    2.21853    2.21212    2.20591    2.19996    2.19428    2.18890    2.18380    2.17898    2.17441    2.17009    2.16600    2.16213    2.15846    2.15498    2.15167    2.14852    2.14552    2.14267    2.13994    2.13734    2.13485    2.13247    2.13019    2.12800    2.12590    2.12388    2.12195    2.12008    2.11828    2.11655    2.11488    2.11327    2.11171    2.11020    2.10875    2.10734    2.10598    2.10465    2.10337    2.10213    2.10092    2.09975    2.09862    2.09751    2.09643    2.09539    2.09437    2.09338    2.09241
   2.21226    2.20523    2.19846    2.19201    2.18592    2.18019    2.17480    2.16973    2.16497    2.16050    2.15630    2.15233    2.14859    2.14506    2.14172    2.13856    2.13556    2.13271    2.13000    2.12742    2.12496    2.12261    2.12037    2.11823    2.11617    2.11420    2.11232    2.11050    2.10876    2.10708    2.10547    2.10391    2.10241    2.10096    2.09957    2.09822    2.09691    2.09565    2.09442    2.09324    2.09209    2.09097    2.08989    2.08884    2.08782    2.08683    2.08587    2.08493    2.08402    2.08313    2.08226
   2.19332    2.18605    2.17927    2.17296    2.16710    2.16165    2.15658    2.15185    2.14744    2.14331    2.13944    2.13581    2.13240    2.12918    2.12615    2.12328    2.12057    2.11800    2.11555    2.11323    2.11102    2.10891    2.10690    2.10498    2.10314    2.10138    2.09969    2.09807    2.09651    2.09501    2.09357    2.09218    2.09084    2.08955    2.08831    2.08710    2.08594    2.08481    2.08372    2.08266    2.08164    2.08065    2.07968    2.07875    2.07784    2.07696    2.07610    2.07527    2.07445    2.07366    2.07289
   2.17492    2.16776    2.16122    2.15523    2.14973    2.14466    2.13997    2.13562    2.13158    2.12781    2.12429    2.12099    2.11790    2.11499    2.11226    2.10967    2.10722    2.10491    2.10271    2.10062    2.09864    2.09675    2.09494    2.09322    2.09157    2.08999    2.08848    2.08703    2.08564    2.08430    2.08302    2.08178    2.08058    2.07943    2.07832    2.07725    2.07621    2.07520    2.07423    2.07329    2.07238    2.07150    2.07064    2.06981    2.06900    2.06822    2.06746    2.06672    2.06599    2.06529    2.06461
   2.15748    2.15070    2.14458    2.13902    2.13394    2.12929    2.12501    2.12105    2.11737    2.11396    2.11077    2.10779    2.10500    2.10238    2.09991    2.09759    2.09539    2.09331    2.09133    2.08946    2.08768    2.08598    2.08437    2.08282    2.08135    2.07994    2.07858    2.07729    2.07604    2.07485    2.07370    2.07259    2.07152    2.07049    2.06950    2.06855    2.06762    2.06673    2.06586    2.06502    2.06421    2.06342    2.06266    2.06192    2.06120    2.06050    2.05982    2.05916    2.05852    2.05789    2.05729
   2.14087    2.13456    2.12892    2.12382    2.11920    2.11497    2.11110    2.10753    2.10423    2.10116    2.09831    2.09565    2.09315    2.09081    2.08861    2.08654    2.08458    2.08273    2.08098    2.07931    2.07773    2.07623    2.07479    2.07342    2.07211    2.07086    2.06966    2.06851    2.06740    2.06634    2.06532    2.06434    2.06339    2.06248    2.06160    2.06075    2.05993    2.05914    2.05837    2.05762    2.05690    2.05621    2.05553    2.05487    2.05423    2.05361    2.05301    2.05243    2.05186    2.05130    2.05076
   2.12568    2.11993    2.11481    2.11020    2.10602    2.10222    2.09874    2.09553    2.09258    2.08983    2.08728    2.08490    2.08268    2.08059    2.07863    2.07679    2.07504    2.07339    2.07183    2.07035    2.06894    2.06760    2.06633    2.06511    2.06394    2.06283    2.06176    2.06074    2.05976    2.05881    2.05791    2.05703    2.05619    2.05538    2.05460    2.05385    2.05312    2.05241    2.05173    2.05107    2.05043    2.04981    2.04921    2.04863    2.04806    2.04751    2.04697    2.04645    2.04595    2.04546    2.04498
   2.11191    2.10671    2.10209    2.09795    2.09420    2.09079    2.08767    2.08481    2.08217    2.07972    2.07745    2.07533    2.07334    2.07148    2.06974    2.06810    2.06654    2.06508    2.06369    2.06237    2.06112    2.05993    2.05880    2.05771    2.05668    2.05569    2.05474    2.05383    2.05296    2.05212    2.05132    2.05054    2.04980    2.04908    2.04838    2.04771    2.04707    2.04644    2.04584    2.04525    2.04468    2.04413    2.04360    2.04308    2.04258    2.04209    2.04162    2.04116    2.04071    2.04027    2.03985
   2.09953    2.09486    2.09071    2.08700    2.08365    2.08060    2.07782    2.07526    2.07290    2.07072    2.06870    2.06681    2.06504    2.06339    2.06184    2.06037    2.05900    2.05769    2.05646    2.05529    2.05418    2.05312    2.05211    2.05115    2.05023    2.04935    2.04851    2.04770    2.04693    2.04618    2.04547    2.04478    2.04412    2.04348    2.04287    2.04227    2.04170    2.04114    2.04060    2.04008    2.03958    2.03909    2.03862    2.03816    2.03771    2.03728    2.03686    2.03645    2.03605    2.03567    2.03529
