1000
0.20000000000000004
0.201712433271679
0.2034395286819077
0.20518141177035565
0.2069382091515837
0.20871004852424788
0.21049705868038115
0.21229936951475534
0.21411711203432301
0.21595041836773993
0.2177994217749695
0.21966425665696898
0.22154505856545906
0.22344196421277684
0.22535511148181317
0.22728463943603502
0.22923068832959415
0.23119339961752144
0.23317291596600956
0.23516938126278256
0.23718294062755524
0.23921374042258167
0.2412619282632937
0.2433276530290311
0.24541106487386344
0.24751231523750425
0.24963155685631924
0.25176894377442816
0.2539246313549021
0.2560987762910569
0.2582915366178422
0.2605030717233296
0.26273354236029767
0.26498311065791685
0.26725194013353487
0.26954019570456195
0.27184804370045873
0.27417565187482623
0.2765231894175998
0.27889082696734724
0.2812787366236719
0.2836870919597229
0.2861160680348114
0.28856584140713515
0.29103659014661326
0.2935284938478285
0.29604173364308267
0.2985764922155624
0.301132953812618
0.30371130425915643
0.30631173097114844
0.3089344229692512
0.3115795708925487
0.31424736701240796
0.3169380052464557
0.3196516811726737
0.32238859204361464
0.3251489368007408
0.3279329160888839
0.33074073227083045
0.33357258944203066
0.3364286934454338
0.339309251886451
0.34221447414804534
0.34514457140595145
0.3480997566440261
0.351080244669729
0.35408625212973716
0.35711799752569245
0.3601757012300843
0.3632595855022678
0.3663698745046197
0.3695067943188325
0.37267057296234757
0.37586144040492947
0.37907962858538236
0.3823253714284089
0.385598904861614
0.388900466832654
0.3922302973265326
0.39558863838304503
0.3989757341143715
0.4023918307228215
0.4058371765187293
0.4093120219385039
0.4128166195628323
0.41635122413503944
0.419916092579605
0.42351148402083866
0.42713765980171575
0.4307948835028735
0.4344834209617704
0.43820354029200953
0.4419555119028273
0.44573960851874883
0.44955610519941214
0.45340527935956154
0.45728741078921253
0.46120278167398937
0.4651516766156365
0.4691343826527059
0.4731511892814212
0.47720238847672103
0.48128827471348207
0.48540914498792376
0.4895652988391965
0.493757038371155
0.49798466827431714
0.5022484958480119
0.5065488310227161
0.510885986382583
0.5152602771881634
0.519672021399321
0.5241215396983453
0.5286091555132606
0.5331351950413357
0.5376999872727948
0.5423038640147313
0.5469471599152257
0.5516302124876714
0.5563533621353075
0.5611169521759622
0.5659213288670084
0.5707668414305316
0.5756538420787153
0.5805826860394423
0.5855537315821158
0.5905673400437007
0.5956238758549895
0.6007237065670918
0.6058672028781509
0.6110547386602889
0.6162866909867838
0.6215634401594773
0.6268853697364188
0.632252866559746
0.6376663207838024
0.6431261259034989
0.6486326787829146
0.6541863796841452
0.6597876322963969
0.66543684376533
0.6711344247226539
0.676880789315975
0.6826763552388998
0.688521543761398
0.6944167797604219
0.7003624917507913
0.7063591119163416
0.7124070761413372
0.718506824042157
0.724658798999248
0.730863448189354
0.7371212226180214
0.7434325771523801
0.749797970554209
0.7562178655132811
0.7626927286809959
0.7692230307043006
0.7758092462598997
0.7824518540887576
0.7891513370309001
0.7959081820605083
0.802722880321318
0.809595927162319
0.8165278221737615
0.8235190692234712
0.8305701764934729
0.8376816565169314
0.8448540262154052
0.8520878069364209
0.8593835244913705
0.8667417091937291
0.8741628958976053
0.8816476240366168
0.8891964376631017
0.8968098854876653
0.9044885209190637
0.9122329021044311
0.9200435919698506
0.9279211582612714
0.935866173585779
0.9438792154532148
0.9519608663181562
0.960111713622254
0.9683323498369312
0.9766233725064504
0.9849853842913473
0.9934189930122371
1.001924811693997
1.0105034586103245
1.0191555573286792
1.0278817367556101
1.036682631182467
1.04555888033151
1.0545111294024054
1.0635400291191275
1.0726462357772577
1.0818304112916883
1.0910932232447386
1.1004353449346773
1.1098574554246654
1.1193602395921163
1.1289443881784764
1.1386105978394367
1.1483595711955696
1.1581920168834008
1.1681086496069213
1.1781101901895359
1.1881973656264586
1.198370909137559
1.2086315602206552
1.2189800647052709
1.2294171748068443
1.2399436491814082
1.2505602529807347
1.2612677579079516
1.2720669422736393
1.282958591052401
1.2939434959399232
1.3050224554105239
1.3161962747751899
1.3274657662401144
1.3388317489657362
1.3502950491262813
1.3618564999698175
1.3735169418788207
1.3852772224312606
1.3971381964622123
1.4091007261259891
1.421165680958815
1.4333339379420258
1.4456063815658182
1.457983903893542
1.4704674046265407
1.48305779116955
1.4957559786966572
1.5085628902178214
1.5214794566459675
1.5345066168646504
1.547645317796303
1.5608965144710658
1.5742611700962055
1.5877402561261307
1.601334752333003
1.6150456468779568
1.6288739363829274
1.6428206260030913
1.656886729499932
1.6710732693149273
1.6853812766438683
1.699811791511817
1.7143658628487024
1.7290445485655657
1.7438489156314598
1.7587800401510025
1.7738390074426
1.7890269121173334
1.8043448581585273
1.819793959001995
1.8353753376169717
1.8510901265877433
1.86693946819597
1.8829245145037166
1.8990464274371974
1.9153063788712301
1.93170555071442
1.9482451349950718
1.9649263339478327
1.9817503601010849
1.9987184363650794
2.0158317961208283
2.0330916833097556
2.0504993525241226
2.0680560690982155
2.0857631092003226
2.1036217599254985
2.1216333193891193
2.139799096821242
2.158120412661769
2.176598598656427
2.1952349979535724
2.2140309652018204
2.232987866648516
2.252107080239038
2.2713899957169637
2.290838014725086
2.3104525509072973
2.3302350300113424
2.3501868899924587
2.370309581117893
2.3906045660723216
2.411073320064171
2.4317173309328473
2.452538099256886
2.4735371384630254
2.4947159749362138
2.516076148130563
2.5376192106812447
2.5593467285173563
2.581260280975736
2.6033614609157674
2.625651874835162
2.6481331429867305
2.6708068994961622
2.693674792480797
2.716738484169433
2.739999651023145
2.7634599838571474
2.7871211879636997
2.810984983236052
2.8350531042934692
2.8593273006073137
2.8838093366282123
2.9085009919143157
2.9334040612606422
2.958520354829547
2.983851698282295
3.0093999329117676
3.035166915776299
3.061154519834672
3.087364634082249
3.1137991636882862
3.140460030134416
3.167349171354315
3.194468541874575
3.2218201129567645
3.2494058727407227
3.277227826389074
3.3052879962329764
3.333588421919129
3.36213116055802
3.390918286873461
3.419951893353395
3.4492340904019922
3.478767006493061
3.5085527883247503
3.538593600975597
3.568891628061902
3.5994490718964487
3.630268153648596
3.6613511135057184
3.692700210836049
3.724317724352907
3.7562059522803333
3.788367212520151
3.820803842820437
3.85351820094546
3.8865126648470576
3.919789632837487
3.953351523763751
3.98720077718343
4.021339853541996
4.055771234351666
4.090497422371778
4.125520941790708
4.160844338409363
4.196470179826209
4.232401055623924
4.2686395775576225
4.305188379744697
4.342050118856299
4.379227474310436
4.416723148466735
4.4545398668228815
4.492680378212719
4.531147455006073
4.569943893310252
4.609072513173305
4.648536158789001
4.688337698703563
4.728480026024197
4.768966058629364
4.809798739380888
4.850981036337865
4.892515942972406
4.934406478387235
4.976655687535128
5.019266641440256
5.06224243742141
5.105586199317138
5.149301077712813
5.193390250169653
5.237856921455672
5.2827043237786455
5.32793571702105
5.373554388977015
5.41956365559132
5.465966861200403
5.512767378775475
5.559968610167683
5.60757398635539
5.655586967693572
5.704011044165335
5.7528497356356
5.80210659210696
5.851785193977716
5.901889152302146
5.952422109052963
6.0033877373860625
6.05478974190751
6.106631858942822
6.158917856808564
6.211651536086248
6.264836729898598
6.318477304188172
6.3725771579983705
6.42714022375686
6.482170467561398
6.5376718894681325
6.5936485237823605
6.650104439351771
6.707043739862197
6.764470564135928
6.822389086432525
6.880803516752259
6.9397181011421205
6.99913712200446
7.0590648984082796
7.119505786403157
7.180464179335896
7.2419445081698655
7.303951241807076
7.366488887413033
7.429561990744331
7.493175136479092
7.557332948550214
7.622040090481476
7.687301265726534
7.753121218010784
7.819504731676194
7.886456632029061
7.953981785690757
8.022085100951484
8.090771528127032
8.16004605991862
8.229913731775808
8.300379622262511
8.37144885342615
8.443126591169978
8.515418045628563
8.588328471546513
8.661863168660433
8.736027482084154
8.810826802697267
8.886266567536966
8.96235226019326
9.039089411207572
9.116483598474732
9.194540447648452
9.273265632550208
9.352664875581688
9.432743948140736
9.513508671040855
9.594964914934339
9.67711860073897
9.759975700068413
9.843542235666291
9.927824281843947
10.012827964922007
10.098559463675658
10.185025009783793
10.272230888281975
10.36018343801928
10.44888905211909
10.538354178443745
10.628585320063266
10.719589035728042
10.811371940345571
10.903940705461286
10.99730205974352
11.091462789472564
11.186429739033974
11.28220981141608
11.378809968711733
11.476237232624404
11.57449868497854
11.673601468234349
11.773552786006976
11.874359903590104
11.976030148484096
12.07857091092857
12.18198964443961
12.286293866351546
12.391491158363369
12.497589167089854
12.604595604617352
12.712518249064379
12.821364945147
12.931143604749034
13.04186220749719
13.153528801341043
13.266151503138063
13.379738499243603
13.494298046105941
13.609838470866462
13.726368171964904
13.843895619749844
13.962429357094397
14.081978000017177
14.202550238308573
14.324154836162432
14.446800632813062
14.570496543177772
14.695251558504877
14.82107474702725
14.947975254621504
15.075962305472743
15.205045202745092
15.335233329257909
15.46653614816781
15.59896320365655
15.732524121624738
15.86722861039155
16.003086461400404
16.140107549930686
16.278301835815576
16.417679364165995
16.55825026610077
16.70002475948306
16.84301314966306
16.98722583022711
17.132673283753135
17.279366082572658
17.42731488953925
17.57653045880361
17.72702363659528
17.878805362011008
18.03188666780991
18.18627868121542
18.341992624724117
18.49903981692145
18.6574316733045
18.81717970711172
18.978295530159823
19.140790853687836
19.304677489208345
19.469967349366108
19.636672448803896
19.804804905035866
19.974376939328337
20.14540087758814
20.317889151258615
20.49185429822311
20.667308963716476
20.84426590124417
21.022737973509233
21.202738153347376
21.38427952466981
21.56737528341444
21.75203873850498
21.9382833128183
22.12612254416026
22.31557008624958
22.50663970971046
22.699345303073468
22.89370087378502
23.08972054922571
23.287418577737018
23.486809329657167
23.687907298365605
23.890727101336434
24.095283481201104
24.30159130681982
24.509665574362522
24.719521408398847
24.931174062997453
25.14463892283495
25.35993150431402
25.57706745669144
25.796062563215536
26.016932742273337
26.239694048547868
26.464362674184905
26.690954949970184
26.91948734651624
27.149976475459805
27.382439090669212
27.616892089462123
27.853352513833954
28.0918375516964
28.332364538127017
28.574950956629163
28.819614440402784
29.066372773626327
29.31524389274922
29.566245887795844
29.819397003680375
30.074715641532894
30.332220360037134
30.59192987677925
30.85386306960857
31.11803897800971
31.38447680448643
31.653195915957646
31.924215845164923
32.197556292092514
32.473237125399216
32.75127838386247
33.03170027783522
33.31452319071467
33.59976768042415
33.88745448090738
34.17760450363543
34.470238839127
34.76537875848119
35.063045714923895
35.3632613453671
35.66604747198151
35.971426103783045
36.279419438232324
36.59004986284844
36.90333995683613
37.21931249272694
37.537990438034775
37.859396956925046
38.18355541189873
38.510489365490415
38.84022258198092
39.172779029124946
39.508182879892935
39.84645851422845
40.18763052082018
40.531723698889124
40.878763059991535
41.22877382983657
41.581781450120246
41.937811580374614
42.29689009983278
42.65904310931032
43.02429693310215
43.39267812089633
43.764213449703746
44.13892992580439
44.51685478671068
44.898015503146986
45.28243978104675
45.67015556356604
46.06119103311505
46.45557461340641
46.8533349715212
47.254501019992986
47.65910191890909
48.06716707803046
48.47872615892934
48.89380907714514
49.31244600435928
49.73466737058794
50.16050386639433
50.58998644511933
51.02314632513136
51.460014992095886
51.90062420126368
52.34500597977941
52.79319262900948
53.24521672688982
53.70111113029427
54.16090897742247
54.62464369020902
55.09234897675267
55.56405883376634
56.03980754904872
56.51962970397608
57.00356017601637
57.49163414126423
57.983887076997675
58.48035476425734
58.98107329044684
59.486079051956295
59.995408756807805
60.50909942732346
61.0271884028169
61.54971334230689
62.07671222725521
62.6082233643272
63.14428538817609
63.68493726425165
64.23021829163208
64.78016810588102
65.33482668192839
65.89423433697593
66.45843173342821
67.02745988184782
67.6013601439368
68.18017423554299
68.76394422969203
69.35271255964608
69.94652202198768
70.54541577973103
71.14943736545925
71.75863068448848
72.37304001805973
72.99271002655709
73.61768575275458
74.24801262508967
74.88373646096585
75.52490347008288
76.1715602577954
76.8237538285012
77.48153158905716
78.14494135222586
78.81403134015066
79.48885018786075
80.16944694680677
80.85587108842581
81.5481725077378
82.24640152697218
82.95060889922541
83.66084581215078
84.37716389167839
85.09961520576846
85.82825226819568
86.56312804236622
87.30429594516804
88.05180985085306
88.80572409495377
89.56609347823253
90.33297327066465
91.10641921545658
91.88648753309694
92.67323492544384
93.46671857984614
94.26699617330003
95.07412587664204
95.88816635877679
96.70917679094202
97.53721685100955
98.37234672782267
99.21462712557205
100.06411926820726
100.92088490388787
101.78498630947144
102.65648629504003
103.53544820846649
104.4219359400183
105.31601392700234
106.21774715844843
107.12720117983294
108.04444209784396
108.96953658518561
109.90255188542511
110.8435558178803
111.79261678254896
112.7498037650815
113.71518634179445
114.6888346847287
115.67081956674986
116.6612123666922
117.66008507454791
118.66751029669902
119.68356126119583
120.70831182307941
121.74183646974956
122.78421032638012
123.83550916137867
124.895809391895
125.96518808937472
127.04372298516238
128.13149247615124
129.2285756304814
130.33505219328808
131.45100259249702
132.5765079446717
133.7116500609091
134.85651145278604
136.01117533835765
137.17572564820543
138.35024703153883
139.53482486234796
140.7295452456088
141.93449502354304
143.1497617819293
144.37543385647072
145.61160033921533
146.85835108503173
148.1157767181414
149.38396863870494
150.66301902946668
151.95302086245508
153.25406790574
154.56625473024977
155.88967671664412
157.22443006224836
158.57061178804523
159.92831974572684
161.29765262480842
162.67870995980053
164.07159213744532
165.47640040401294
166.89323687266037
168.32220453085517
169.76340724786004
171.21694978228408
172.68293778969704
174.16147783030868
175.6526773767158
177.1566448217126
178.6734894861711
180.2033216269867
181.7462524450922
183.302394093542
184.87185968566288
186.45476330327728
188.05122000499517
189.66134583457696
191.28525782936978
192.9230740288132
194.57491348302074
196.24089626143277
197.92114346154355
199.61577721770513
201.3249207100033
203.04869817321293
204.7872349058276
206.54065727916688
208.30909274656344
210.09266985262573
211.89151824258334
213.7057686717091
215.5355530148248
217.3810042758865
219.24225659765148
221.1194452714306
223.01270674692046
224.9221786421234
226.84799975335002
228.7903100653072
230.74925076127522
232.72496423336813
234.7175940928856
236.7272851807512
238.75418357803989
240.79843661659794
242.86019288975052
244.93960226310432
247.03681588544023
249.15198619969942
251.2852669540659
253.43681321314014
255.60678136921237
257.79532915362955
260.00261564825996
262.22880129705834
264.47404791772607
266.7385187134756
269.02237828489234
271.3257926418985
273.64892921582197
275.9919568715643
278.35504591987745
280.73836812974224
283.1420967408532
285.56640647621333
288.0114735548315
290.4774757045343
292.9645921748833
295.4730037502038
298.0028927627278
300.55444310584505
303.1278402474719
305.7232712435318
308.3409247515515
310.98099104437574
313.64366202399606
316.32913123550156
319.0375938811466
321.7692468345388
324.52428865495176
327.30291960175504
330.1053416489735
332.9317584999669
335.7823756022364
338.65740016236
341.5570411610515
344.48150936835367
347.4310173589563
350.4057795276499
353.4060121049089
356.43193317260784
359.4837626798762
362.56172245908283
365.6660362419635
368.79692967588227
371.95463034023226
375.1393677629808
378.35137343735033
381.5908808386479
384.858125441235
388.1533447356427
391.4767782458369
394.82866754662604
398.2092562812234
401.61879017895615
405.0575170731255
408.52568691902417
412.0235518121022
415.5513660062939
419.1093859324983
422.69787021721686
426.3170797013561
429.96727745918395
433.64872881745544
437.3617013746972
441.1064650206577
444.8832919559283
448.69245671172513
452.5342361698476
456.40890958280323
460.31675859410456
464.25806725874463
468.23312206384065
472.24221194946165
476.28562832962956
480.36366511350025
484.4766187267306
488.62478813302124
492.8084748558514
497.0279830003943
501.2836192756209
505.5756930165973
509.9045162069659
514.2704035016266
518.6736722496066
523.1146425171271
527.5936371108713
532.1109816014449
536.667004347045
541.2620365173261
545.8964121174708
550.5704680124718
555.2845439516136
560.0389825931725
564.8341295293218
569.6703333112507
574.5479454745041
579.4673205645306
584.4288161624577
589.4327929110801
594.4796145410778
599.5696478974534
604.7032629661953
609.8808329011764
615.1027340512724
620.3693459877226
625.6810515317185
631.0382367822282
636.4412911440661
641.8906073561928
647.3865815202674
652.9296131294368
658.5201050973732
664.1584637875649
669.8450990428497
675.5804242152097
681.3648561958157
687.1988154453278
693.0827260244629
699.0170156248138
705.0021155999418
711.0384609967292
717.126490587
723.2666468994181
729.459376251649
735.7051287828062
742.0043584861694
748.3575232421816
754.765084851738
761.2275090697462
767.7452656389876
774.318828324259
780.9486749468084
787.6352874190715
794.3791517796952
801.1807582288733
808.0406011639742
814.9591792154772
821.9369952832214
828.9745565729552
836.072374633209
843.2309653924773
850.4508491967172
857.7325508471781
865.0765996385417
872.483529397401
879.9538785210615
887.4881900166732
895.0870115407072
902.7508954387567
910.480398785693
918.2760834261542
926.1385160153837
934.0682680604249
942.0659159616556
950.1320410546925
958.2672296526446
966.4720730887282
974.7471677592572
983.0931151669857
991.5105219648386
1000.0
