          51          21
   1.0000000000000000E-003   1.2589254117941675E-003   1.5848931924611141E-003   1.9952623149688789E-003   2.5118864315095794E-003   3.1622776601683794E-003   3.9810717055349734E-003   5.0118723362727246E-003   6.3095734448019303E-003   7.9432823472428138E-003   1.0000000000000000E-002   1.2589254117941675E-002   1.5848931924611141E-002   1.9952623149688799E-002   2.5118864315095808E-002   3.1622776601683791E-002   3.9810717055349734E-002   5.0118723362727248E-002   6.3095734448019331E-002   7.9432823472428180E-002  0.10000000000000001       0.12589254117941676       0.15848931924611143       0.19952623149688808       0.25118864315095824       0.31622776601683794       0.39810717055349731       0.50118723362727247       0.63095734448019358       0.79432823472428216        1.0000000000000000        1.2589254117941675        1.5848931924611140        1.9952623149688808        2.5118864315095824        3.1622776601683795        3.9810717055349731        5.0118723362727247        6.3095734448019360        7.9432823472428211        10.000000000000000        12.589254117941687        15.848931924611142        19.952623149688787        25.118864315095820        31.622776601683793        39.810717055349777        50.118723362727252        63.095734448019428        79.432823472428211        100.00000000000000     
   200.00000000000000        290.00000000000000        380.00000000000000        470.00000000000000        560.00000000000000        650.00000000000000        740.00000000000000        830.00000000000000        920.00000000000000        1010.0000000000000        1100.0000000000000        1190.0000000000000        1280.0000000000000        1370.0000000000000        1460.0000000000000        1550.0000000000000        1640.0000000000000        1730.0000000000000        1820.0000000000000        1910.0000000000000        2000.0000000000000     
   6.22389423E-12   6.30822868E-12   6.36329271E-12   6.40374472E-12   6.43495500E-12   6.45967698E-12   6.47963324E-12   6.49600295E-12   6.50962140E-12   6.52109660E-12   6.53087610E-12   6.53929688E-12   6.54661395E-12   6.55302505E-12   6.55868459E-12   6.56371442E-12   6.56821125E-12   6.57225446E-12   6.57590822E-12   6.57922501E-12   6.58224907E-12
   9.86419366E-12   9.99785411E-12   1.00851246E-11   1.01492365E-11   1.01987021E-11   1.02378826E-11   1.02695118E-11   1.02954555E-11   1.03170398E-11   1.03352266E-11   1.03507264E-11   1.03640716E-11   1.03756682E-11   1.03858302E-11   1.03947996E-11   1.04027707E-11   1.04098978E-11   1.04163058E-11   1.04220972E-11   1.04273534E-11   1.04321465E-11
   1.56337044E-11   1.58455419E-11   1.59838566E-11   1.60854663E-11   1.61638637E-11   1.62259615E-11   1.62760899E-11   1.63172080E-11   1.63514167E-11   1.63802409E-11   1.64048063E-11   1.64259578E-11   1.64443372E-11   1.64604424E-11   1.64746584E-11   1.64872907E-11   1.64985872E-11   1.65087440E-11   1.65179207E-11   1.65262526E-11   1.65338489E-11
   2.47777424E-11   2.51134842E-11   2.53326960E-11   2.54937373E-11   2.56179886E-11   2.57164082E-11   2.57958568E-11   2.58610251E-11   2.59152404E-11   2.59609244E-11   2.59998568E-11   2.60333803E-11   2.60625098E-11   2.60880345E-11   2.61105651E-11   2.61305873E-11   2.61484896E-11   2.61645861E-11   2.61791318E-11   2.61923365E-11   2.62043755E-11
   3.92700872E-11   3.98021997E-11   4.01496301E-11   4.04048635E-11   4.06017893E-11   4.07577722E-11   4.08836888E-11   4.09869742E-11   4.10729020E-11   4.11453024E-11   4.12070066E-11   4.12601377E-11   4.13063056E-11   4.13467593E-11   4.13824669E-11   4.14142019E-11   4.14425751E-11   4.14680859E-11   4.14911404E-11   4.15120681E-11   4.15311466E-11
   6.22388738E-11   6.30822131E-11   6.36328559E-11   6.40373726E-11   6.43494771E-11   6.45966891E-11   6.47962586E-11   6.49599541E-11   6.50961368E-11   6.52108853E-11   6.53086821E-11   6.53928856E-11   6.54660631E-11   6.55301716E-11   6.55867652E-11   6.56370652E-11   6.56820362E-11   6.57224691E-11   6.57590024E-11   6.57921703E-11   6.58224100E-11
   9.86419973E-11   9.99786018E-11   1.00851306E-10   1.01492426E-10   1.01987079E-10   1.02378890E-10   1.02695179E-10   1.02954617E-10   1.03170458E-10   1.03352320E-10   1.03507321E-10   1.03640777E-10   1.03756746E-10   1.03858359E-10   1.03948052E-10   1.04027766E-10   1.04099035E-10   1.04163116E-10   1.04221028E-10   1.04273597E-10   1.04321517E-10
   1.56337013E-10   1.58455388E-10   1.59838531E-10   1.60854635E-10   1.61638605E-10   1.62259595E-10   1.62760874E-10   1.63172059E-10   1.63514147E-10   1.63802374E-10   1.64048025E-10   1.64259550E-10   1.64443348E-10   1.64604386E-10   1.64746550E-10   1.64872879E-10   1.64985844E-10   1.65087402E-10   1.65179176E-10   1.65262498E-10   1.65338451E-10
   2.47777465E-10   2.51134863E-10   2.53326998E-10   2.54937405E-10   2.56179911E-10   2.57164096E-10   2.57958599E-10   2.58610272E-10   2.59152449E-10   2.59609251E-10   2.59998606E-10   2.60333810E-10   2.60625133E-10   2.60880345E-10   2.61105665E-10   2.61305894E-10   2.61484917E-10   2.61645872E-10   2.61791339E-10   2.61923372E-10   2.62043776E-10
   3.92700816E-10   3.98021949E-10   4.01496253E-10   4.04048572E-10   4.06017830E-10   4.07577666E-10   4.08836826E-10   4.09869666E-10   4.10728951E-10   4.11452955E-10   4.12070017E-10   4.12601286E-10   4.13062973E-10   4.13467510E-10   4.13824586E-10   4.14141915E-10   4.14425660E-10   4.14680762E-10   4.14911300E-10   4.15120577E-10   4.15311369E-10
   6.22388863E-10   6.30822228E-10   6.36328601E-10   6.40373810E-10   6.43494869E-10   6.45967002E-10   6.47962684E-10   6.49599596E-10   6.50961451E-10   6.52108922E-10   6.53086862E-10   6.53928911E-10   6.54660659E-10   6.55301757E-10   6.55867693E-10   6.56370625E-10   6.56820320E-10   6.57224608E-10   6.57589982E-10   6.57921662E-10   6.58224031E-10
   9.86419835E-10   9.99785810E-10   1.00851283E-09   1.01492403E-09   1.01987052E-09   1.02378861E-09   1.02695152E-09   1.02954589E-09   1.03170428E-09   1.03352293E-09   1.03507281E-09   1.03640740E-09   1.03756703E-09   1.03858311E-09   1.03948006E-09   1.04027720E-09   1.04098985E-09   1.04163067E-09   1.04220965E-09   1.04273534E-09   1.04321451E-09
   1.56336999E-09   1.58455371E-09   1.59838509E-09   1.60854607E-09   1.61638569E-09   1.62259550E-09   1.62760827E-09   1.63172009E-09   1.63514080E-09   1.63802316E-09   1.64047964E-09   1.64259473E-09   1.64443259E-09   1.64604297E-09   1.64746450E-09   1.64872771E-09   1.64985725E-09   1.65087277E-09   1.65179048E-09   1.65262359E-09   1.65338310E-09
   2.47777421E-09   2.51134802E-09   2.53326915E-09   2.54937338E-09   2.56179833E-09   2.57164001E-09   2.57958477E-09   2.58610156E-09   2.59152300E-09   2.59609112E-09   2.59998423E-09   2.60333644E-09   2.60624922E-09   2.60880140E-09   2.61105426E-09   2.61305644E-09   2.61484634E-09   2.61645594E-09   2.61791011E-09   2.61923039E-09   2.62043409E-09
   3.92700672E-09   3.98021749E-09   4.01496036E-09   4.04048350E-09   4.06017575E-09   4.07577394E-09   4.08836520E-09   4.09869338E-09   4.10728562E-09   4.11452561E-09   4.12069578E-09   4.12600798E-09   4.13062473E-09   4.13466905E-09   4.13823953E-09   4.14141255E-09   4.14424939E-09   4.14679979E-09   4.14910462E-09   4.15119716E-09   4.15310453E-09
   6.22388496E-09   6.30821795E-09   6.36328146E-09   6.40373266E-09   6.43494236E-09   6.45966347E-09   6.47961951E-09   6.49598775E-09   6.50960574E-09   6.52107968E-09   6.53085808E-09   6.53927756E-09   6.54659349E-09   6.55300347E-09   6.55866161E-09   6.56368959E-09   6.56818555E-09   6.57222721E-09   6.57587984E-09   6.57919541E-09   6.58221788E-09
   9.86418947E-09   9.99784788E-09   1.00851159E-08   1.01492263E-08   1.01986908E-08   1.02378701E-08   1.02694973E-08   1.02954392E-08   1.03170210E-08   1.03352047E-08   1.03507016E-08   1.03640438E-08   1.03756381E-08   1.03857962E-08   1.03947624E-08   1.04027302E-08   1.04098543E-08   1.04162590E-08   1.04220463E-08   1.04272999E-08   1.04320899E-08
   1.56336792E-08   1.58455098E-08   1.59838187E-08   1.60854263E-08   1.61638205E-08   1.62259148E-08   1.62760383E-08   1.63171503E-08   1.63513540E-08   1.63801701E-08   1.64047282E-08   1.64258722E-08   1.64442451E-08   1.64603424E-08   1.64745497E-08   1.64871761E-08   1.64984630E-08   1.65086114E-08   1.65177809E-08   1.65261032E-08   1.65336917E-08
   2.47776892E-08   2.51134118E-08   2.53326142E-08   2.54936481E-08   2.56178918E-08   2.57163002E-08   2.57957371E-08   2.58608921E-08   2.59150941E-08   2.59607607E-08   2.59996753E-08   2.60331809E-08   2.60622919E-08   2.60877968E-08   2.61103086E-08   2.61303104E-08   2.61481947E-08   2.61642707E-08   2.61787960E-08   2.61919801E-08   2.62039990E-08
   3.92699384E-08   3.98020035E-08   4.01494091E-08   4.04046254E-08   4.06015310E-08   4.07574881E-08   4.08833785E-08   4.09866274E-08   4.10725214E-08   4.11448831E-08   4.12065440E-08   4.12596322E-08   4.13057535E-08   4.13461585E-08   4.13818206E-08   4.14135073E-08   4.14418331E-08   4.14672954E-08   4.14902992E-08   4.15111785E-08   4.15302104E-08
   6.22385201E-08   6.30817496E-08   6.36323279E-08   6.40368043E-08   6.43488605E-08   6.45960228E-08   6.47955218E-08   6.49591314E-08   6.50952288E-08   6.52098819E-08   6.53075745E-08   6.53916743E-08   6.54647323E-08   6.55287380E-08   6.55852190E-08   6.56353976E-08   6.56802541E-08   6.57205774E-08   6.57569998E-08   6.57900614E-08   6.58201884E-08
   9.86410740E-08   9.99774059E-08   1.00849967E-07   1.01490983E-07   1.01985528E-07   1.02377207E-07   1.02693328E-07   1.02952576E-07   1.03168198E-07   1.03349834E-07   1.03504590E-07   1.03637795E-07   1.03753507E-07   1.03854859E-07   1.03944302E-07   1.04023755E-07   1.04094781E-07   1.04158616E-07   1.04216284E-07   1.04268622E-07   1.04316328E-07
   1.56334721E-07   1.58452437E-07   1.59835238E-07   1.60851130E-07   1.61634858E-07   1.62255517E-07   1.62756422E-07   1.63167158E-07   1.63508759E-07   1.63796457E-07   1.64041566E-07   1.64252526E-07   1.64435761E-07   1.64596258E-07   1.64737884E-07   1.64863707E-07   1.64976171E-07   1.65077282E-07   1.65168643E-07   1.65251578E-07   1.65327208E-07
   2.47771766E-07   2.51127574E-07   2.53318916E-07   2.54928864E-07   2.56170892E-07   2.57154397E-07   2.57948074E-07   2.58598789E-07   2.59139881E-07   2.59595595E-07   2.59983807E-07   2.60317933E-07   2.60608175E-07   2.60862436E-07   2.61086853E-07   2.61286317E-07   2.61464720E-07   2.61625189E-07   2.61770282E-07   2.61902159E-07   2.62022525E-07
   3.92686616E-07   3.98003920E-07   4.01476598E-07   4.04028100E-07   4.05996474E-07   4.07555063E-07   4.08812667E-07   4.09843693E-07   4.10701062E-07   4.11423173E-07   4.12038446E-07   4.12568198E-07   4.13028658E-07   4.13432360E-07   4.13789024E-07   4.14106438E-07   4.14390740E-07   4.14646962E-07   4.14879139E-07   4.15090597E-07   4.15284177E-07
   6.22353582E-07   6.30778175E-07   6.36281470E-07   6.40325823E-07   6.43446072E-07   6.45916884E-07   6.47910667E-07   6.49545541E-07   6.50905577E-07   6.52051881E-07   6.53029588E-07   6.53872576E-07   6.54606595E-07   6.55251483E-07   6.55822816E-07   6.56332759E-07   6.56791201E-07   6.57205987E-07   6.57583485E-07   6.57929093E-07   6.58247188E-07
   9.86332566E-07   9.99679060E-07   1.00840202E-06   1.01481555E-06   1.01976570E-06   1.02368710E-06   1.02685362E-06   1.02945285E-06   1.03161858E-06   1.03344792E-06   1.03501247E-06   1.03636614E-06   1.03754985E-06   1.03859486E-06   1.03952584E-06   1.04036224E-06   1.04111962E-06   1.04181038E-06   1.04244498E-06   1.04303183E-06   1.04357798E-06
   1.56315571E-06   1.58429884E-06   1.59813328E-06   1.60831769E-06   1.61618800E-06   1.62243282E-06   1.62748677E-06   1.63164827E-06   1.63512982E-06   1.63808556E-06   1.64062931E-06   1.64284631E-06   1.64480150E-06   1.64654489E-06   1.64811581E-06   1.64954554E-06   1.65085930E-06   1.65207757E-06   1.65321785E-06   1.65429458E-06   1.65532026E-06
   2.47725234E-06   2.51075517E-06   2.53273333E-06   2.54896258E-06   2.56154817E-06   2.57157831E-06   2.57974125E-06   2.58651039E-06   2.59222247E-06   2.59712283E-06   2.60139245E-06   2.60516822E-06   2.60855541E-06   2.61163655E-06   2.61447735E-06   2.61713240E-06   2.61964669E-06   2.62205981E-06   2.62440562E-06   2.62671574E-06   2.62901813E-06
   3.92575248E-06   3.97889880E-06   4.01397165E-06   4.04006141E-06   4.06046320E-06   4.07688094E-06   4.09039876E-06   4.10176563E-06   4.11152041E-06   4.12005966E-06   4.12768350E-06   4.13462521E-06   4.14107126E-06   4.14717670E-06   4.15307477E-06   4.15888326E-06   4.16470903E-06   4.17065030E-06   4.17679939E-06   4.18324180E-06   4.19005892E-06
   6.22093512E-06   6.30553268E-06   6.36213099E-06   6.40491953E-06   6.43895373E-06   6.46685885E-06   6.49033882E-06   6.51060782E-06   6.52857125E-06   6.54493442E-06   6.56026850E-06   6.57506007E-06   6.58973886E-06   6.60469550E-06   6.62029197E-06   6.63686387E-06   6.65472317E-06   6.67415861E-06   6.69543579E-06   6.71879752E-06   6.74446528E-06
   9.85751467E-06   9.99344684E-06   1.00871302E-05   1.01602200E-05   1.02201611E-05   1.02709510E-05   1.03153916E-05   1.03556868E-05   1.03936782E-05   1.04309947E-05   1.04691244E-05   1.05094487E-05   1.05532490E-05   1.06017042E-05   1.06558855E-05   1.07167552E-05   1.07851738E-05   1.08619106E-05   1.09476568E-05   1.10430401E-05   1.11486406E-05
   1.56196529E-05   1.58430794E-05   1.60062264E-05   1.61404878E-05   1.62561864E-05   1.63598161E-05   1.64570793E-05   1.65534366E-05   1.66541831E-05   1.67643739E-05   1.68886945E-05   1.70313688E-05   1.71961219E-05   1.73862045E-05   1.76044596E-05   1.78534065E-05   1.81353298E-05   1.84523597E-05   1.88065296E-05   1.91998224E-05   1.96342007E-05
   2.47526405E-05   2.51375241E-05   2.54468960E-05   2.57221545E-05   2.59779445E-05   2.62291978E-05   2.64933642E-05   2.67887990E-05   2.71330500E-05   2.75417860E-05   2.80284839E-05   2.86046288E-05   2.92801851E-05   3.00640859E-05   3.09646675E-05   3.19899627E-05   3.31479023E-05   3.44464352E-05   3.58935649E-05   3.74973934E-05   3.92661022E-05
   3.92438415E-05   3.99634955E-05   4.06240979E-05   4.12757508E-05   4.19535609E-05   4.27125560E-05   4.36162154E-05   4.47245038E-05   4.60888914E-05   4.77526046E-05   4.97529909E-05   5.21240327E-05   5.48981770E-05   5.81074601E-05   6.17840269E-05   6.59603757E-05   7.06693245E-05   7.59440518E-05   8.18179687E-05   8.83246830E-05   9.54979769E-05
   6.23053711E-05   6.38366037E-05   6.54847609E-05   6.73385512E-05   6.95524504E-05   7.23367557E-05   7.58936731E-05   8.03954681E-05   8.59900902E-05   9.28125592E-05   1.00993260E-04   1.10662091E-04   1.21950005E-04   1.34989212E-04   1.49912987E-04   1.66855345E-04   1.85950877E-04   2.07334509E-04   2.31141530E-04   2.57507432E-04   2.86568014E-04
   9.92924470E-05   1.03180064E-04   1.08137312E-04   1.14534807E-04   1.23002479E-04   1.34210612E-04   1.48757768E-04   1.67188962E-04   1.90030667E-04   2.17808629E-04   2.51052785E-04   2.90296884E-04   3.36076977E-04   3.88930261E-04   4.49394516E-04   5.18007553E-04   5.95307385E-04   6.81831792E-04   7.78118731E-04   8.84705980E-04   1.00213138E-03
   1.59800285E-04   1.71798441E-04   1.89579398E-04   2.14722837E-04   2.49274279E-04   2.95317557E-04   3.54926655E-04   4.30202286E-04   5.23273018E-04   6.36280456E-04   7.71367631E-04   9.30672744E-04   1.11632748E-03   1.33045658E-03   1.57517788E-03   1.85260235E-03   2.16483278E-03   2.51396303E-03   2.90207542E-03   3.33124003E-03   3.80351115E-03
   2.63941329E-04   3.08043411E-04   3.79824720E-04   4.84317774E-04   6.27912872E-04   8.18099652E-04   1.06300088E-03   1.37101091E-03   1.75059400E-03   2.21018982E-03   2.75816955E-03   3.40281148E-03   4.15227935E-03   5.01460303E-03   5.99765778E-03   7.10914237E-03   8.35655443E-03   9.74716619E-03   1.12880003E-02   1.29858023E-02   1.48470160E-02
   4.66730620E-04   6.48705289E-04   9.53941431E-04   1.39585475E-03   1.99593324E-03   2.78248987E-03   3.78693151E-03   5.04146889E-03   6.57798443E-03   8.42744857E-03   1.06195500E-02   1.31823989E-02   1.61422621E-02   1.95232909E-02   2.33472791E-02   2.76333950E-02   3.23979706E-02   3.76542732E-02   4.34123240E-02   4.96787466E-02   5.64566515E-02
   9.60123201E-04   1.73770962E-03   3.03841732E-03   4.89785057E-03   7.38805532E-03   1.06086265E-02   1.46678109E-02   1.96702592E-02   2.57100444E-02   3.28663923E-02   4.12007459E-02   5.07546291E-02   6.15480877E-02   7.35788122E-02   8.68219510E-02  0.101230659      0.116737433      0.133256152      0.150684685      0.168908074      0.187801898    
   2.48766411E-03   5.73340384E-03   1.11045679E-02   1.86763462E-02   2.86137965E-02   4.11340632E-02   5.64215891E-02   7.45702311E-02   9.55536067E-02  0.119216599      0.145283088      0.173376039      0.203046218      0.233804956      0.265156984      0.296629280      0.327793807      0.358282685      0.387796015      0.416103333      0.443040192    
   7.95674697E-03   2.10197344E-02   4.21385951E-02   7.07079694E-02  0.105940588      0.146865010      0.192177325      0.240276337      0.289445311      0.338071197      0.384816766      0.428708464      0.469143569      0.505842268      0.538774312      0.568082154      0.594014883      0.616876245      0.636988819      0.654670060      0.670218289    
   2.85120811E-02   7.76466578E-02  0.149607211      0.233297423      0.318404585      0.397888064      0.467970461      0.527393103      0.576505423      0.616477370      0.648756623      0.674761593      0.695741415      0.712735057      0.726578832      0.737933874      0.747317791      0.755134404      0.761698544      0.767256379      0.772000909    
  0.102272786      0.249979347      0.407891721      0.534558892      0.623480141      0.682732761      0.721675456      0.747373283      0.764544725      0.776213348      0.784296215      0.790012956      0.794146538      0.797206044      0.799526811      0.801332891      0.802776158      0.803960741      0.804959178      0.805822730      0.806587756    
  0.308707356      0.557675481      0.707056880      0.780975580      0.815454125      0.830669224      0.836505890      0.837790012      0.836923480      0.835120559      0.832997739      0.830863774      0.828866780      0.827070296      0.825494111      0.824135661      0.822981715      0.822014809      0.821216226      0.820567966      0.820053458    
  0.619687319      0.798150659      0.861783266      0.882166624      0.885581136      0.882190764      0.876284540      0.869758010      0.863445759      0.857689023      0.852595806      0.848165452      0.844350159      0.841084957      0.838302135      0.835938394      0.833936930      0.832248271      0.830830038      0.829646289      0.828666389    
  0.820475221      0.891823947      0.911931992      0.914151728      0.909054220      0.901160955      0.892570198      0.884252429      0.876624942      0.869829893      0.863875568      0.858708680      0.854251742      0.850421965      0.847139955      0.844333947      0.841940641      0.839905441      0.838181376      0.836728573      0.835513115    
  0.889596164      0.918566287      0.926949084      0.925547421      0.919336021      0.911122561      0.902417064      0.893988609      0.886197150      0.879181623      0.872964442      0.867509425      0.862754107      0.858627260      0.855057776      0.851979315      0.849332154      0.847063482      0.845127523      0.843484461      0.842100203    
  0.908161700      0.926077127      0.932435453      0.931235194      0.925762057      0.918294311      0.910177290      0.902146995      0.894579113      0.887644351      0.881399035      0.875837862      0.870923996      0.866606534      0.862829983      0.859539568      0.856684029      0.854216516      0.852095187      0.850282967      0.848747075    
  0.913210273      0.928637803      0.935236990      0.935060263      0.930731356      0.924274027      0.916952729      0.909498394      0.902313292      0.895604432      0.889464378      0.883919835      0.878960550      0.874556541      0.870668709      0.867254436      0.864271522      0.861679673      0.859441578      0.857523263      0.855894029    
