          51          21
   1.0000000000000000E-003   1.2589254117941675E-003   1.5848931924611141E-003   1.9952623149688789E-003   2.5118864315095794E-003   3.1622776601683794E-003   3.9810717055349734E-003   5.0118723362727246E-003   6.3095734448019303E-003   7.9432823472428138E-003   1.0000000000000000E-002   1.2589254117941675E-002   1.5848931924611141E-002   1.9952623149688799E-002   2.5118864315095808E-002   3.1622776601683791E-002   3.9810717055349734E-002   5.0118723362727248E-002   6.3095734448019331E-002   7.9432823472428180E-002  0.10000000000000001       0.12589254117941676       0.15848931924611143       0.19952623149688808       0.25118864315095824       0.31622776601683794       0.39810717055349731       0.50118723362727247       0.63095734448019358       0.79432823472428216        1.0000000000000000        1.2589254117941675        1.5848931924611140        1.9952623149688808        2.5118864315095824        3.1622776601683795        3.9810717055349731        5.0118723362727247        6.3095734448019360        7.9432823472428211        10.000000000000000        12.589254117941687        15.848931924611142        19.952623149688787        25.118864315095820        31.622776601683793        39.810717055349777        50.118723362727252        63.095734448019428        79.432823472428211        100.00000000000000     
   200.00000000000000        290.00000000000000        380.00000000000000        470.00000000000000        560.00000000000000        650.00000000000000        740.00000000000000        830.00000000000000        920.00000000000000        1010.0000000000000        1100.0000000000000        1190.0000000000000        1280.0000000000000        1370.0000000000000        1460.0000000000000        1550.0000000000000        1640.0000000000000        1730.0000000000000        1820.0000000000000        1910.0000000000000        2000.0000000000000     
   3.01221770E-18   2.47041274E-18   1.18712898E-18   6.26923030E-19   3.83401083E-19   2.61262722E-19   1.92297676E-19   1.49810900E-19   1.21896967E-19   1.02644157E-19   8.88575573E-20   7.86907773E-20   7.10176626E-20   6.51202396E-20   6.05235194E-20   5.69032342E-20   5.40319223E-20   5.17462316E-20   4.99263761E-20   4.84828942E-20   4.73478667E-20
   6.01016694E-18   4.92912378E-18   2.36863603E-18   1.25087845E-18   7.64988780E-19   5.21291238E-19   3.83688606E-19   2.98917095E-19   2.43222300E-19   2.04808769E-19   1.77301770E-19   1.57017298E-19   1.41708356E-19   1.29942410E-19   1.20771730E-19   1.13549332E-19   1.07821371E-19   1.03261912E-19   9.96319532E-20   9.67530092E-20   9.44895587E-20
   1.19918690E-17   9.83490203E-18   4.72605879E-18   2.49584007E-18   1.52636443E-18   1.04012627E-18   7.65575768E-19   5.96437547E-19   4.85315137E-19   4.08673493E-19   3.53793342E-19   3.13324151E-19   2.82782523E-19   2.59310188E-19   2.41016235E-19   2.26609696E-19   2.15185078E-19   2.06092088E-19   1.98853870E-19   1.93114284E-19   1.88602957E-19
   2.39269619E-17   1.96232338E-17   9.42975641E-18   4.97988950E-18   3.04553902E-18   2.07537630E-18   1.52758763E-18   1.19012503E-18   9.68419944E-19   8.15513540E-19   7.06027397E-19   6.25295190E-19   5.64371477E-19   5.17553157E-19   4.81067461E-19   4.52338703E-19   4.29560165E-19   4.11434415E-19   3.97010014E-19   3.85576491E-19   3.76594421E-19
   4.77407026E-17   3.91535851E-17   1.88149394E-17   9.93631189E-18   6.07680668E-18   4.14111844E-18   3.04818248E-18   2.37490647E-18   1.93259976E-18   1.62756616E-18   1.40916876E-18   1.24814430E-18   1.12664419E-18   1.03328962E-18   9.60552733E-19   9.03294774E-19   8.57911148E-19   8.21813244E-19   7.93102994E-19   7.70363024E-19   7.52517274E-19
   9.52557172E-17   7.81219612E-17   3.75411123E-17   1.98260155E-17   1.21254239E-17   8.26338212E-18   6.08287488E-18   4.73971430E-18   3.85740707E-18   3.24900249E-18   2.81346522E-18   2.49240686E-18   2.25021437E-18   2.06418496E-18   1.91929932E-18   1.80530494E-18   1.71501062E-18   1.64325250E-18   1.58624425E-18   1.54115887E-18   1.50585005E-18
   1.90061832E-16   1.55874788E-16   7.49057043E-17   3.95598632E-17   2.41957062E-17   1.64905817E-17   1.21406440E-17   9.46148623E-18   7.70188696E-18   6.48882038E-18   5.62068730E-18   4.98098552E-18   4.49866023E-18   4.12841377E-18   3.84028195E-18   3.61381230E-18   3.43466008E-18   3.29252501E-18   3.17985660E-18   3.09101720E-18   3.02172821E-18
   3.79228377E-16   3.11014458E-16   1.49461465E-16   7.89389841E-17   4.82856789E-17   3.29145820E-17   2.42382746E-17   1.88958095E-17   1.53882312E-17   1.29712053E-17   1.12424747E-17   9.96957862E-18   9.01074807E-18   8.27561116E-18   7.70439497E-18   7.25630296E-18   6.90272833E-18   6.62313549E-18   6.40247141E-18   6.22950174E-18   6.09570156E-18
   7.56673855E-16   6.20566777E-16   2.98233101E-16   1.57529507E-16   9.63770499E-17   6.57181960E-17   4.84183091E-17   3.77709891E-17   3.07851378E-17   2.59754581E-17   2.25392671E-17   2.00127333E-17   1.81130088E-17   1.66598229E-17   1.55339639E-17   1.46540869E-17   1.39631710E-17   1.34202974E-17   1.29954847E-17   1.26663669E-17   1.24159826E-17
   1.50979367E-15   1.23823226E-15   5.95121749E-16   3.14410768E-16   1.92431076E-16   1.31299729E-16   9.68267119E-17   7.56293550E-17   6.17385308E-17   5.21901236E-17   4.53823478E-17   4.03897768E-17   3.66481940E-17   3.37981168E-17   3.16019125E-17   2.98975168E-17   2.85713808E-17   2.75420753E-17   2.67499821E-17   2.61506566E-17   2.57104278E-17
   3.01249491E-15   2.47073243E-15   1.18768260E-15   6.27709489E-16   3.84466772E-16   2.62650623E-16   1.94035449E-16   1.51912924E-16   1.24369265E-16   1.05488623E-16   9.20748041E-17   8.22818790E-17   7.49850144E-17   6.94680043E-17   6.52577674E-17   6.20319417E-17   5.95648855E-17   5.76949478E-17   5.63039145E-17   5.53037870E-17   5.46279639E-17
   6.01083294E-15   4.93023997E-15   2.37072092E-15   1.25389622E-15   7.69090140E-16   5.26611289E-16   3.90302432E-16   3.06851502E-16   2.52476540E-16   2.15371468E-16   1.89161476E-16   1.70168046E-16   1.56152099E-16   1.45689733E-16   1.37841655E-16   1.31968673E-16   1.27624109E-16   1.24488393E-16   1.22328273E-16   1.20970374E-16   1.20283840E-16
   1.19934351E-14   9.83887806E-15   4.73395322E-15   2.50738714E-15   1.54198695E-15   1.06017439E-15   7.90181790E-16   6.25579254E-16   5.18900430E-16   4.46600451E-16   3.95983165E-16   3.59734681E-16   3.33411570E-16   3.14193505E-16   3.00223655E-16   2.90240922E-16   2.83365661E-16   2.78969878E-16   2.76596174E-16   2.75905471E-16   2.76642522E-16
   2.39306950E-14   1.96376559E-14   9.45968767E-15   5.02368084E-15   3.10398442E-15   2.14902465E-15   1.61632870E-15   1.29347532E-15   1.08581609E-15   9.46484780E-16   8.50267660E-16   7.82677184E-16   7.34933431E-16   7.01477059E-16   6.78656244E-16   6.63996115E-16   6.55774178E-16   6.52763876E-16   6.54074342E-16   6.59047431E-16   6.67189800E-16
   4.77499815E-14   3.92065903E-14   1.89279473E-14   1.00996939E-14   6.28983839E-15   4.40294206E-15   3.35662195E-15   2.72739866E-15   2.32695218E-15   2.06228827E-15   1.88352493E-15   1.76208158E-15   1.68068193E-15   1.62841174E-15   1.59811728E-15   1.58496127E-15   1.58558596E-15   1.59760790E-15   1.61930327E-15   1.64940598E-15   1.68697348E-15
   9.52802493E-14   7.83181706E-14   3.79630206E-14   2.04211055E-14   1.28770785E-14   9.16036825E-15   7.11428139E-15   5.89651187E-15   5.13350713E-15   4.64135388E-15   4.32167052E-15   4.11821913E-15   3.99707182E-15   3.93683550E-15   3.92351633E-15   3.94767879E-15   4.00279819E-15   4.08426751E-15   4.18878037E-15   4.31393287E-15   4.45796193E-15
   1.90131453E-13   1.56601172E-13   7.64513575E-14   4.16623997E-14   2.67543318E-14   1.94513188E-14   1.54668724E-14   1.31304159E-14   1.17028639E-14   1.08210992E-14   1.02911894E-14   1.00024096E-14   9.88805002E-15   9.90611893E-15   1.00292284E-14   1.02389969E-14   1.05228021E-14   1.08718263E-14   1.12798353E-14   1.17423949E-14   1.22563482E-14
   3.79440213E-13   3.13682131E-13   1.54977661E-13   8.61177855E-14   5.66895198E-14   4.23609478E-14   3.46390465E-14   3.02171787E-14   2.76335741E-14   2.61702383E-14   2.54437110E-14   2.52351274E-14   2.54127824E-14   2.58940208E-14   2.66252339E-14   2.75707734E-14   2.87065124E-14   3.00159644E-14   3.14878433E-14   3.31144922E-14   3.48908558E-14
   7.57357068E-13   6.30200861E-13   3.17307189E-13   1.81200934E-13   1.23093769E-13   9.50107709E-14   8.01666744E-14   7.20144972E-14   6.76543240E-14   6.56590871E-14   6.52656911E-14   6.60387475E-14   6.77169909E-14   7.01375264E-14   7.31959727E-14   7.68242417E-14   8.09776644E-14   8.56271502E-14   9.07542406E-14   9.63479513E-14   1.02402644E-13
   1.51208711E-12   1.27215794E-12   6.58847922E-13   3.89955321E-13   2.75057592E-13   2.20157172E-13   1.92105717E-13   1.77894673E-13   1.71732799E-13   1.70759863E-13   1.73444484E-13   1.78914812E-13   1.86651448E-13   1.96335312E-13   2.07767004E-13   2.20821842E-13   2.35423551E-13   2.51528209E-13   2.69114050E-13   2.88175029E-13   3.08716269E-13
   3.02033442E-12   2.58641372E-12   1.39339484E-12   8.62025078E-13   6.34558270E-13   5.28088098E-13   4.77058172E-13   4.55450781E-13   4.51591753E-13   4.59690825E-13   4.76649698E-13   5.00716927E-13   5.30866421E-13   5.66487070E-13   6.07217401E-13   6.52852772E-13   7.03290291E-13   7.58495859E-13   8.18482326E-13   8.83296095E-13   9.53007421E-13
   6.03757886E-12   5.31038841E-12   3.01373379E-12   1.96393596E-12   1.51450694E-12   1.31237295E-12   1.22751353E-12   1.20745970E-12   1.22843532E-12   1.27861198E-12   1.35169426E-12   1.44418418E-12   1.55410407E-12   1.68035236E-12   1.82235867E-12   1.97988696E-12   2.15292107E-12   2.34159155E-12   2.54613062E-12   2.76684274E-12   3.00408331E-12
   1.20831053E-11   1.10399728E-11   6.68694440E-12   4.62081241E-12   3.74245860E-12   3.37811571E-12   3.26939235E-12   3.30968412E-12   3.45017157E-12   3.66658396E-12   3.94619623E-12   4.28219092E-12   4.67099406E-12   5.11091603E-12   5.60141300E-12   6.14266841E-12   6.73534015E-12   7.38040445E-12   8.07905652E-12   8.83264382E-12   9.64261917E-12
   2.42228789E-11   2.32847300E-11   1.52450119E-11   1.12326528E-11   9.56908944E-12   8.99441372E-12   8.99672697E-12   9.35889213E-12   9.98050774E-12   1.08120657E-11   1.18284358E-11   1.30171360E-11   1.43726923E-11   1.58937238E-11   1.75813461E-11   1.94382531E-11   2.14681571E-11   2.36754505E-11   2.60649748E-11   2.86418719E-11   3.14114880E-11
   4.86689543E-11   4.98568582E-11   3.56948429E-11   2.81708892E-11   2.52633903E-11   2.47076058E-11   2.55050044E-11   2.72172597E-11   2.96402902E-11   3.26755532E-11   3.62761765E-11   4.04224605E-11   4.51098811E-11   5.03427890E-11   5.61309159E-11   6.24873278E-11   6.94271932E-11   7.69669883E-11   8.51239912E-11   9.39159167E-11   1.03360660E-10
   9.80624609E-11   1.08261684E-10   8.55861423E-11   7.26269878E-11   6.85941720E-11   6.97295693E-11   7.41626621E-11   8.10356782E-11   8.99483127E-11   1.00715429E-10   1.13259950E-10   1.27562419E-10   1.43635590E-10   1.61510819E-10   1.81230322E-10   2.02842576E-10   2.26399441E-10   2.51954207E-10   2.79560347E-10   3.09270498E-10   3.41135786E-10
   1.98251193E-10   2.37743603E-10   2.08979237E-10   1.91267696E-10   1.90297542E-10   2.00837375E-10   2.19685464E-10   2.45281406E-10   2.76901002E-10   3.14237220E-10   3.57198521E-10   4.05808609E-10   4.60153554E-10   5.20352261E-10   5.86539262E-10   6.58853305E-10   7.37430506E-10   8.22398594E-10   9.13873144E-10   1.01195385E-09   1.11672160E-09
   4.02410189E-10   5.25879396E-10   5.15430143E-10   5.09704334E-10   5.34083777E-10   5.84320814E-10   6.55957233E-10   7.46583073E-10   8.55100935E-10   9.81122850E-10   1.12462972E-09   1.28578459E-09   1.46482604E-09   1.66200365E-09   1.87753635E-09   2.11158180E-09   2.36421172E-09   2.63539279E-09   2.92496627E-09   3.23263172E-09   3.55793106E-09
   8.20910118E-10   1.16687937E-09   1.27145561E-09   1.35708356E-09   1.49531698E-09   1.69219150E-09   1.94459782E-09   2.25009100E-09   2.60750732E-09   3.01644398E-09   3.47679796E-09   3.98844957E-09   4.55104221E-09   5.16382181E-09   5.82550319E-09   6.53416166E-09   7.28714467E-09   8.08100875E-09   8.91149377E-09   9.77353309E-09   1.06613198E-08
   1.68588377E-09   2.59019517E-09   3.10652326E-09   3.55880125E-09   4.10789358E-09   4.79273554E-09   5.62012215E-09   6.59002186E-09   7.70060549E-09   8.94870755E-09   1.03293623E-08   1.18352057E-08   1.34559359E-08   1.51779460E-08   1.69841936E-08   1.88543900E-08   2.07655599E-08   2.26929284E-08   2.46110776E-08   2.64952309E-08   2.83225106E-08
   3.49415386E-09   5.74985926E-09   7.47028572E-09   9.08965703E-09   1.09196270E-08   1.30697115E-08   1.55677000E-08   1.84098976E-08   2.15750706E-08   2.50270755E-08   2.87148332E-08   3.25728102E-08   3.65233923E-08   4.04815452E-08   4.43612720E-08   4.80827573E-08   5.15787377E-08   5.47989316E-08   5.77119117E-08   6.03044512E-08   6.25790051E-08
   7.32905292E-09   1.27904292E-08   1.76786656E-08   2.25425616E-08   2.79198069E-08   3.40124835E-08   4.08276009E-08   4.82600591E-08   5.61238913E-08   6.41727880E-08   7.21279889E-08   7.97151074E-08   8.67018457E-08   9.29255606E-08   9.83039357E-08   1.02828800E-07   1.06548768E-07   1.09548097E-07   1.11927406E-07   1.13789227E-07   1.15228900E-07
   1.55907429E-08   2.85934618E-08   4.13588879E-08   5.44582548E-08   6.86449582E-08   8.40136707E-08   1.00144433E-07   1.16298288E-07   1.31620993E-07   1.45358882E-07   1.57023905E-07   1.66450292E-07   1.73745619E-07   1.79187282E-07   1.83119397E-07   1.85879799E-07   1.87761557E-07   1.89000218E-07   1.89775932E-07   1.90221982E-07   1.90434861E-07
   3.36620012E-08   6.41987441E-08   9.55706980E-08   1.27668642E-07   1.60712844E-07   1.93353969E-07   2.23331142E-07   2.48617170E-07   2.68227836E-07   2.82327022E-07   2.91813564E-07   2.97819554E-07   3.01380908E-07   3.03307530E-07   3.04177235E-07   3.04379626E-07   3.04168566E-07   3.03705946E-07   3.03093884E-07   3.02396359E-07   3.01653529E-07
   7.37004058E-08   1.43418333E-07   2.14702155E-07   2.83824249E-07   3.46922889E-07   3.98623001E-07   4.36000818E-07   4.60011137E-07   4.73863821E-07   4.80992014E-07   4.84052975E-07   4.84796828E-07   4.84277336E-07   4.83097097E-07   4.81590632E-07   4.79940581E-07   4.78245624E-07   4.76558569E-07   4.74907182E-07   4.73305619E-07   4.71760558E-07
   1.63395399E-07   3.15983243E-07   4.61861276E-07   5.84456018E-07   6.72783187E-07   7.26232656E-07   7.53668303E-07   7.65424488E-07   7.68903476E-07   7.68362156E-07   7.65991842E-07   7.62858747E-07   7.59467071E-07   7.56051463E-07   7.52718904E-07   7.49516005E-07   7.46460557E-07   7.43556484E-07   7.40800772E-07   7.38187225E-07   7.35708227E-07
   3.64601163E-07   6.76330615E-07   9.28879842E-07   1.09044640E-06   1.17236448E-06   1.20560355E-06   1.21518474E-06   1.21464268E-06   1.21010237E-06   1.20413824E-06   1.19780759E-06   1.19154322E-06   1.18552020E-06   1.17980414E-06   1.17441266E-06   1.16934132E-06   1.16457602E-06   1.16009824E-06   1.15588819E-06   1.15192574E-06   1.14819193E-06
   8.06370849E-07   1.36981521E-06   1.70884857E-06   1.85765293E-06   1.90739775E-06   1.91705135E-06   1.91214394E-06   1.90225637E-06   1.89091804E-06   1.87947649E-06   1.86846330E-06   1.85808040E-06   1.84838552E-06   1.83937016E-06   1.83099587E-06   1.82321207E-06   1.81596533E-06   1.80920460E-06   1.80288237E-06   1.79695644E-06   1.79138920E-06
   1.72644559E-06   2.56837393E-06   2.90662865E-06   3.00512170E-06   3.02056901E-06   3.00959277E-06   2.99063709E-06   2.96992494E-06   2.94965980E-06   2.93060498E-06   2.91297056E-06   2.89674676E-06   2.88184151E-06   2.86813656E-06   2.85551209E-06   2.84385510E-06   2.83306440E-06   2.82305018E-06   2.81373332E-06   2.80504423E-06   2.79692244E-06
   3.46773868E-06   4.46154627E-06   4.72381635E-06   4.76711966E-06   4.74942135E-06   4.71486373E-06   4.67715972E-06   4.64087179E-06   4.60741057E-06   4.57702754E-06   4.54955443E-06   4.52469612E-06   4.50214020E-06   4.48159835E-06   4.46281956E-06   4.44558782E-06   4.42971941E-06   4.41505699E-06   4.40146778E-06   4.38883535E-06   4.37706103E-06
   6.43310022E-06   7.36954416E-06   7.52102642E-06   7.49746505E-06   7.43299870E-06   7.36239144E-06   7.29580734E-06   7.23594439E-06   7.18298998E-06   7.13630152E-06   7.09502774E-06   7.05834327E-06   7.02552688E-06   6.99597558E-06   6.96919551E-06   6.94478649E-06   6.92242065E-06   6.90183197E-06   6.88279943E-06   6.86514022E-06   6.84870065E-06
   1.11364498E-05   1.18347434E-05   1.18374019E-05   1.17237805E-05   1.15978110E-05   1.14818786E-05   1.13800043E-05   1.12914631E-05   1.12144317E-05   1.11470426E-05   1.10876754E-05   1.10349965E-05   1.09879275E-05   1.09456050E-05   1.09073280E-05   1.08725299E-05   1.08407412E-05   1.08115764E-05   1.07847127E-05   1.07598762E-05   1.07368369E-05
   1.84021974E-05   1.87116020E-05   1.85176996E-05   1.82867061E-05   1.80791576E-05   1.79014387E-05   1.77506827E-05   1.76224912E-05   1.75126788E-05   1.74177076E-05   1.73347289E-05   1.72615128E-05   1.71963184E-05   1.71378051E-05   1.70849198E-05   1.70368367E-05   1.69928917E-05   1.69525520E-05   1.69153755E-05   1.68809911E-05   1.68490915E-05
   2.95858554E-05   2.93573103E-05   2.89062245E-05   2.85217411E-05   2.82079709E-05   2.79495798E-05   2.77338531E-05   2.75514431E-05   2.73954702E-05   2.72607613E-05   2.71433564E-05   2.70401670E-05   2.69487537E-05   2.68671774E-05   2.67938867E-05   2.67276264E-05   2.66673778E-05   2.66123116E-05   2.65617437E-05   2.65151102E-05   2.64719365E-05
   4.68247381E-05   4.58949326E-05   4.51083179E-05   4.45210499E-05   4.40666445E-05   4.37022645E-05   4.34022513E-05   4.31501940E-05   4.29349602E-05   4.27486848E-05   4.25856488E-05   4.24415957E-05   4.23132842E-05   4.21982077E-05   4.20943798E-05   4.20002107E-05   4.19143944E-05   4.18358613E-05   4.17637093E-05   4.16971889E-05   4.16356525E-05
   7.34721179E-05   7.16546783E-05   7.04236809E-05   6.95559793E-05   6.89016670E-05   6.83859107E-05   6.79674777E-05   6.76206400E-05   6.73279865E-05   6.70771697E-05   6.68592329E-05   6.66675478E-05   6.64971740E-05   6.63443498E-05   6.62062012E-05   6.60805017E-05   6.59654761E-05   6.58597055E-05   6.57620549E-05   6.56715565E-05   6.55874173E-05
   1.14815528E-04   1.11882655E-04   1.10069588E-04   1.08832173E-04   1.07913969E-04   1.07194937E-04   1.06611944E-04   1.06127591E-04   1.05717641E-04   1.05365456E-04   1.05059131E-04   1.04789870E-04   1.04551065E-04   1.04337625E-04   1.04145540E-04   1.03971652E-04   1.03813385E-04   1.03668644E-04   1.03535691E-04   1.03413084E-04   1.03299601E-04
   1.79220326E-04   1.74852699E-04   1.72262880E-04   1.70525513E-04   1.69248277E-04   1.68252023E-04   1.67444770E-04   1.66773490E-04   1.66204627E-04   1.65715508E-04   1.65290039E-04   1.64916346E-04   1.64585406E-04   1.64290235E-04   1.64025259E-04   1.63786026E-04   1.63568911E-04   1.63370903E-04   1.63189557E-04   1.63022763E-04   1.62868804E-04
   2.79825850E-04   2.73586687E-04   2.69942713E-04   2.67515075E-04   2.65744078E-04   2.64374015E-04   2.63272057E-04   2.62360991E-04   2.61591747E-04   2.60931440E-04   2.60356901E-04   2.59851397E-04   2.59402470E-04   2.59000692E-04   2.58638669E-04   2.58310640E-04   2.58011918E-04   2.57738691E-04   2.57487845E-04   2.57256761E-04   2.57043197E-04
   4.37391223E-04   4.28658386E-04   4.23592428E-04   4.20226832E-04   4.17775736E-04   4.15881572E-04   4.14359267E-04   4.13101778E-04   4.12041554E-04   4.11133253E-04   4.10344976E-04   4.09653352E-04   4.09040833E-04   4.08493856E-04   4.08001826E-04   4.07556276E-04   4.07150364E-04   4.06778621E-04   4.06436506E-04   4.06120322E-04   4.05827013E-04
   6.84608531E-04   6.72501046E-04   6.65487780E-04   6.60834252E-04   6.57452096E-04   6.54844393E-04   6.52753166E-04   6.51028939E-04   6.49577472E-04   6.48335670E-04   6.47259527E-04   6.46317087E-04   6.45484542E-04   6.44743559E-04   6.44079817E-04   6.43481675E-04   6.42939704E-04   6.42446103E-04   6.41994353E-04   6.41578983E-04   6.41195453E-04
