          51          21
   1.0000000000000000E-002   1.1641812487720175E-002   1.3553179799923739E-002   1.5778357784306894E-002   1.8368868268906078E-002   2.1384691999823766E-002   2.4895657436959789E-002   2.8983057563960208E-002   3.3741532148042465E-002   3.9281259031589244E-002   4.5730505192732654E-002   5.3238596642250703E-002   6.1979375921845159E-002   7.2155227258804008E-002   8.4001762575583117E-002   9.7793276854292871E-002  0.11384909916973830       0.13254098644299517       0.15430173111068116       0.17963518201211676       0.20912791051825472       0.24346279202022450       0.28343481724362679       0.32996949948415394       0.38414430396613991       0.44721359549995821       0.52063768207696526       0.60611662687812962       0.70562961158046389       0.82148076238025802       0.95635249979003722        1.1133676474718066        1.2961617381760906        1.5089671909603490        1.7567113087282231        2.0451303651271471        2.3809024223752950        2.7718019552851909        3.2268798616526313        3.7566730269760371        4.3734482957731151        5.0914864984129942        5.9274131098283087        6.9005831961875446        8.0335295625928111        9.3524844782262218        10.887987058982308        12.675590370939595        14.756684626963009        17.179455536752620        20.000000000000004     
   200.00000000000000        290.00000000000000        380.00000000000000        470.00000000000000        560.00000000000000        650.00000000000000        740.00000000000000        830.00000000000000        920.00000000000000        1010.0000000000000        1100.0000000000000        1190.0000000000000        1280.0000000000000        1370.0000000000000        1460.0000000000000        1550.0000000000000        1640.0000000000000        1730.0000000000000        1820.0000000000000        1910.0000000000000        2000.0000000000000     
   8.59315286E-10   3.14932058E-09   1.46087800E-08   5.19628323E-08   1.42797873E-07   3.25607516E-07   6.48328353E-07   1.16551075E-06   1.93469054E-06   3.01266004E-06   4.45219894E-06   6.29958140E-06   8.59295596E-06   1.13615388E-05   1.46254852E-05   1.83962602E-05   2.26773645E-05   2.74652648E-05   3.27504058E-05   3.85182684E-05   4.47503407E-05
   1.35584122E-09   4.96882446E-09   2.30446577E-08   8.19332797E-08   2.24971714E-07   5.12288125E-07   1.01807211E-06   1.82564565E-06   3.02137732E-06   4.68865392E-06   6.90282559E-06   9.72758698E-06   1.32128771E-05   1.73941116E-05   2.22924737E-05   2.79159303E-05   3.42607273E-05   4.13130838E-05   4.90509774E-05   5.74458500E-05   6.64641775E-05
   2.13926765E-09   7.83931764E-09   3.63471599E-08   1.29142734E-07   3.54151553E-07   8.04826811E-07   1.59495028E-06   2.84995917E-06   4.69677661E-06   7.25425070E-06   1.06256412E-05   1.48937525E-05   2.01186358E-05   2.63374113E-05   3.35656405E-05   4.17996525E-05   5.10194113E-05   6.11915166E-05   7.22721161E-05   8.42096269E-05   9.69470930E-05
   3.37536621E-09   1.23675719E-08   5.73171803E-08   2.03441999E-07   5.56851774E-07   1.26176951E-06   2.49054006E-06   4.42839337E-06   7.25673453E-06   1.11385189E-05   1.62077977E-05   2.25639706E-05   3.02702010E-05   3.93549890E-05   4.98157788E-05   6.16236648E-05   7.47284648E-05   8.90636875E-05   1.04551051E-04   1.21104473E-04   1.38633361E-04
   5.32568567E-09   1.95102370E-08   9.03583555E-08   3.20224217E-07   8.74077102E-07   1.97234044E-06   3.87180808E-06   6.83929420E-06   1.11250683E-05   1.69417326E-05   2.44511084E-05   3.37590536E-05   4.49165454E-05   5.79250154E-05   7.27439619E-05   8.92994358E-05   1.07492349E-04   1.27206018E-04   1.48312698E-04   1.70678934E-04   1.94169843E-04
   8.40287928E-09   3.07749879E-08   1.42381694E-07   5.03435331E-07   1.36871847E-06   3.07081132E-06   5.98439556E-06   1.04820701E-05   1.68941915E-05   2.54808456E-05   3.64181215E-05   4.97966757E-05   6.56289267E-05   8.38610868E-05   1.04387080E-04   1.27062347E-04   1.51716289E-04   1.78162867E-04   2.06209123E-04   2.35661864E-04   2.66332529E-04
   1.32579840E-08   4.85364957E-08   2.24204783E-07   7.90096806E-07   2.13621138E-06   4.75616707E-06   9.18265778E-06   1.59166430E-05   2.53707349E-05   3.78365039E-05   5.34751234E-05   7.23253906E-05   9.43219638E-05   1.19317832E-04   1.47106970E-04   1.77444701E-04   2.10064783E-04   2.44692987E-04   2.81057146E-04   3.18894570E-04   3.57956858E-04
   2.09180850E-08   7.65316415E-08   3.52697100E-07   1.23697987E-06   3.31947194E-06   7.31803675E-06   1.39666799E-05   2.39085784E-05   3.76235585E-05   5.53977698E-05   7.73279389E-05   1.03347178E-04   1.33260459E-04   1.66781421E-04   2.03565622E-04   2.43237999E-04   2.85414193E-04   3.29716160E-04   3.75782809E-04   4.23276855E-04   4.71888692E-04
   3.30034275E-08   1.20633231E-07   5.54030748E-07   1.93023402E-06   5.12915085E-06   1.11694580E-05   2.10255548E-05   3.54774893E-05   5.50302429E-05   7.99000336E-05   1.10046167E-04   1.45225247E-04   1.85050390E-04   2.29045268E-04   2.76688603E-04   3.27447779E-04   3.80802958E-04   4.36262839E-04   4.93374013E-04   5.51725971E-04   6.10952440E-04
   5.20697299E-08   1.90053285E-07   8.68532140E-07   2.99890644E-06   7.87006138E-06   1.68862844E-05   3.12849188E-05   5.19448076E-05   7.93169675E-05   1.13450602E-04   1.54071051E-04   2.00673705E-04   2.52612081E-04   3.09170049E-04   3.69615998E-04   4.33240028E-04   4.99377784E-04   5.67423587E-04   6.36836456E-04   7.07141124E-04   7.77925306E-04
   8.21477713E-08   2.99203180E-07   1.35778760E-06   4.63332935E-06   1.19741881E-05   2.52519330E-05   4.59552430E-05   7.49757091E-05   1.12585672E-04   1.58536277E-04   2.12202227E-04   2.72725156E-04   3.39132443E-04   4.10425389E-04   4.85638506E-04   5.63875947E-04   6.44330517E-04   7.26291270E-04   8.09142948E-04   8.92360986E-04   9.75504168E-04
   1.29593445E-07   4.70545899E-07   2.11481438E-06   7.10922268E-06   1.80398765E-05   3.73048133E-05   6.65760745E-05   1.06609114E-04   1.57322720E-04   2.18008121E-04   2.87560106E-04   3.64674808E-04   4.47996164E-04   5.36213280E-04   6.28117879E-04   7.22633209E-04   8.18823697E-04   9.15892189E-04   1.01317116E-03   1.11010927E-03   1.20625796E-03
   2.04426186E-07   7.38925905E-07   3.27823932E-06   1.08179966E-05   2.68757085E-05   5.43843817E-05   9.50503600E-05   1.49269981E-04   2.16384520E-04   2.95041275E-04   3.83524224E-04   4.80003422E-04   5.82699256E-04   6.89977955E-04   8.00397247E-04   9.12720221E-04   1.02590979E-03   1.13911240E-03   1.25163724E-03   1.36293448E-03   1.47257373E-03
   3.22434232E-07   1.15806256E-06   5.05148091E-06   1.63030927E-05   3.95462412E-05   7.81704730E-05   1.33662819E-04   2.05758683E-04   2.92957411E-04   3.93069873E-04   5.03650284E-04   6.22283784E-04   7.46751612E-04   8.75109341E-04   1.00570929E-03   1.13719108E-03   1.26845494E-03   1.39862904E-03   1.52703514E-03   1.65315683E-03   1.77661038E-03
   5.08482287E-07   1.81015628E-06   7.72787826E-06   2.43013401E-05   5.74155492E-05   1.10710018E-04   1.85076598E-04   2.79214146E-04   3.90491245E-04   5.15699096E-04   6.51569688E-04   7.95075786E-04   9.43573832E-04   1.09484640E-03   1.24708866E-03   1.39886781E-03   1.54907093E-03   1.69685320E-03   1.84158911E-03   1.98283000E-03   2.12026853E-03
   8.01700310E-07   2.81989696E-06   1.17225536E-05   3.57873760E-05   8.21837457E-05   1.54425594E-04   2.52304715E-04   3.73049988E-04   5.12608909E-04   6.66599255E-04   8.30877922E-04   1.00181729E-03   1.17639592E-03   1.35218631E-03   1.52729335E-03   1.70027558E-03   1.87006441E-03   2.03589210E-03   2.19722814E-03   2.35372782E-03   2.50518974E-03
   1.26360783E-06   4.37461267E-06   1.76116046E-05   5.20186077E-05   1.15912058E-04   2.12102575E-04   3.38656275E-04   4.90868115E-04   6.63000275E-04   8.49392090E-04   1.04502391E-03   1.24572264E-03   1.44816970E-03   1.64981396E-03   1.84875238E-03   2.04360811E-03   2.23342003E-03   2.41755019E-03   2.59560696E-03   2.76738475E-03   2.93281605E-03
   1.99080728E-06   6.75292813E-06   2.61792702E-05   7.45784564E-05   1.61033924E-04   2.86855560E-04   4.47663129E-04   6.36359910E-04   8.45313480E-04   1.06754585E-03   1.29721744E-03   1.52970990E-03   1.76151865E-03   1.99007592E-03   2.21356493E-03   2.43075378E-03   2.64085503E-03   2.84341327E-03   3.03821894E-03   3.22523853E-03   3.40456585E-03
   3.13477108E-06   1.03652619E-05   3.84743798E-05   1.05417486E-04   2.20354021E-04   3.82081576E-04   5.83000772E-04   8.13213934E-04   1.06306700E-03   1.32430461E-03   1.59038533E-03   1.85638794E-03   2.11876072E-03   2.37504160E-03   2.62360298E-03   2.86344136E-03   3.09400866E-03   3.31508485E-03   3.52668040E-03   3.72896623E-03   3.92221892E-03
   4.93261223E-06   1.58110761E-05   5.58794309E-05   1.46896491E-04   2.97044928E-04   5.01417380E-04   7.48428109E-04   1.02506147E-03   1.31961983E-03   1.62269583E-03   1.92722480E-03   2.22816295E-03   2.52207206E-03   2.80672871E-03   3.08080134E-03   3.34359705E-03   3.59486998E-03   3.83468159E-03   4.06329846E-03   4.28111851E-03   4.48861904E-03
   7.75482749E-06   2.39604597E-05   8.01999049E-05   2.01843635E-04   3.94662493E-04   6.48732937E-04   9.47788300E-04   1.27551088E-03   1.61825854E-03   1.96568551E-03   2.31043715E-03   2.64755846E-03   2.97389925E-03   3.28761223E-03   3.58776492E-03   3.87405022E-03   4.14657965E-03   4.40573320E-03   4.65205777E-03   4.88619460E-03   5.10883192E-03
   1.21792154E-05   3.60721097E-05   1.13789101E-04   2.73650134E-04   5.17218548E-04   8.28213699E-04   1.18513743E-03   1.56835292E-03   1.96250272E-03   2.35659932E-03   2.74327700E-03   3.11790011E-03   3.47778341E-03   3.82158509E-03   4.14886232E-03   4.45975596E-03   4.75477241E-03   5.03463624E-03   5.30018797E-03   5.55232074E-03   5.79193514E-03
   1.91050513E-05   5.39671018E-05   1.59736257E-04   3.66448483E-04   6.69374596E-04   1.04461692E-03   1.46510836E-03   1.90806878E-03   2.35678325E-03   2.79998733E-03   3.23061016E-03   3.64456512E-03   4.03979374E-03   4.41556657E-03   4.77199908E-03   5.10972086E-03   5.42965857E-03   5.73289348E-03   6.02056831E-03   6.29383326E-03   6.55380730E-03
   2.99289404E-05   8.02891591E-05   2.22164570E-04   4.85444762E-04   8.56858329E-04   1.30383763E-03   1.79368234E-03   2.30084662E-03   2.80772406E-03   3.30317649E-03   3.78072634E-03   4.23703855E-03   4.67080856E-03   5.08199865E-03   5.47132641E-03   5.83994016E-03   6.18920522E-03   6.52057491E-03   6.83551189E-03   7.13543966E-03   7.42171798E-03
   4.68145554E-05   1.18898533E-04   3.06712725E-04   6.37518184E-04   1.08726393E-03   1.61399483E-03   2.17962381E-03   2.75639212E-03   3.32632475E-03   3.87879950E-03   4.40818677E-03   4.91206022E-03   5.38996560E-03   5.84261678E-03   6.27138000E-03   6.67796051E-03   7.06420327E-03   7.43197976E-03   7.78312143E-03   8.11938569E-03   8.44244007E-03
   7.31037944E-05   1.75469351E-04   4.21311182E-04   8.32259422E-04   1.37147831E-03   1.98734435E-03   2.63691694E-03   3.29087256E-03   3.93137056E-03   4.54863254E-03   5.13808383E-03   5.69834048E-03   6.22990029E-03   6.73431763E-03   7.21370056E-03   7.67041044E-03   8.10688455E-03   8.52554012E-03   8.92872922E-03   9.31871030E-03   9.69765522E-03
   1.13937611E-04   2.58388376E-04   5.77412779E-04   1.08369731E-03   1.72606553E-03   2.44338857E-03   3.18857189E-03   3.93135380E-03   4.65445966E-03   5.34924632E-03   6.01241039E-03   6.64380472E-03   7.24507123E-03   7.81881437E-03   8.36811867E-03   8.89626797E-03   9.40660294E-03   9.90244653E-03   1.03870789E-02   1.08637270E-02   1.13355797E-02
   1.77181195E-04   3.80085781E-04   7.91896484E-04   1.41303882E-03   2.17698864E-03   3.01354914E-03   3.87215731E-03   4.72216867E-03   5.54730790E-03   6.34045433E-03   7.09996326E-03   7.82733690E-03   8.52582511E-03   9.19961557E-03   9.85338446E-03   1.04920669E-02   1.11207394E-02   1.17445709E-02   1.23688048E-02   1.29987476E-02   1.36397546E-02
   2.74779624E-04   5.58963278E-04   1.08991389E-03   1.85275835E-03   2.76496960E-03   3.74769024E-03   4.74749366E-03   5.73399756E-03   6.69262884E-03   7.61855906E-03   8.51267111E-03   9.37912147E-03   1.02239503E-02   1.10543277E-02   1.18781514E-02   1.27038425E-02   1.35402204E-02   1.43964104E-02   1.52817499E-02   1.62056908E-02   1.71776898E-02
   4.24707396E-04   8.22120870E-04   1.50894653E-03   2.45224033E-03   3.55263730E-03   4.72283270E-03   5.90735581E-03   7.07729999E-03   8.22128914E-03   9.33856610E-03   1.04346760E-02   1.15189999E-02   1.26034152E-02   1.37015395E-02   1.48282712E-02   1.59994196E-02   1.72313731E-02   1.85407586E-02   1.99441146E-02   2.14575827E-02   2.30966359E-02
   6.53726689E-04   1.20912783E-03   2.10423721E-03   3.28497356E-03   4.63363994E-03   6.05492154E-03   7.49314856E-03   8.92363861E-03   1.03417337E-02   1.17551591E-02   1.31795211E-02   1.46357426E-02   1.61484759E-02   1.77449100E-02   1.94537211E-02   2.13040914E-02   2.33247876E-02   2.55433861E-02   2.79856306E-02   3.06749847E-02   3.36323380E-02
   1.00126048E-03   1.77714962E-03   2.95565836E-03   4.45744116E-03   6.14470802E-03   7.91610964E-03   9.72036086E-03   1.15436446E-02   1.33967949E-02   1.53068928E-02   1.73120275E-02   1.94575954E-02   2.17931792E-02   2.43697781E-02   2.72373445E-02   3.04427873E-02   3.40285115E-02   3.80314887E-02   4.24827971E-02   4.74075526E-02   5.28250970E-02
   1.52484421E-03   2.60790274E-03   4.17650957E-03   6.12124568E-03   8.28424469E-03   1.05645237E-02   1.29268048E-02   1.53847514E-02   1.79856215E-02   2.07990240E-02   2.39078924E-02   2.74005886E-02   3.13641317E-02   3.58788893E-02   4.10149060E-02   4.68298681E-02   5.33683524E-02   6.06620573E-02   6.87306002E-02   7.75826275E-02   8.72169733E-02
   2.30782386E-03   3.81754106E-03   5.92703745E-03   8.49457365E-03   1.13486350E-02   1.44067192E-02   1.76791400E-02   2.12455671E-02   2.52308939E-02   2.97831856E-02   3.50543186E-02   4.11846712E-02   4.82928045E-02   5.64700104E-02   6.57787472E-02   7.62537047E-02   8.79043266E-02  0.100717857      0.114662446      0.129690006      0.145738721    
   3.47021245E-03   5.57321124E-03   8.44294764E-03   1.19121866E-02   1.58192515E-02   2.01483648E-02   2.50232294E-02   3.06602996E-02   3.73161584E-02   4.52413037E-02   5.46471551E-02   6.56879395E-02   7.84550011E-02   9.29793939E-02  0.109238707      0.127165422      0.146655157      0.167574182      0.189766228      0.213058531      0.237267420    
   5.18433563E-03   8.12667236E-03   1.21034384E-02   1.69473998E-02   2.25735903E-02   2.91453935E-02   3.70192342E-02   4.66261357E-02   5.83627932E-02   7.25214630E-02   8.92610624E-02  0.108608030      0.130473152      0.154673994      0.180957556      0.209020793      0.238528877      0.269131273      0.300475866      0.332221150      0.364046246    
   7.69747002E-03   1.18734371E-02   1.75520349E-02   2.46353969E-02   3.32801789E-02   4.40271683E-02   5.75778633E-02   7.45393634E-02   9.52712223E-02  0.119843379      0.148064911      0.179542407      0.213743225      0.250052810      0.287823766      0.326415807      0.365227580      0.403719753      0.441429913      0.477979749      0.513075829    
   1.13602625E-02   1.74154937E-02   2.58239154E-02   3.67517658E-02   5.09117022E-02   6.93978220E-02   9.31199566E-02  0.122448996      0.157159731      0.196547970      0.239601493      0.285161763      0.332054734      0.379187524      0.425611824      0.470558614      0.513447523      0.553878486      0.591610491      0.626534522      0.658645153    
   1.66673306E-02   2.56588329E-02   3.85910645E-02   5.63260540E-02   8.04439262E-02  0.112305276      0.152193487      0.199218258      0.251670748      0.307470143      0.364532083      0.421015859      0.475457102      0.526807964      0.574412644      0.617946088      0.657337844      0.692697823      0.724252462      0.752294302      0.777145267    
   2.43512280E-02   3.81121002E-02   5.88305071E-02   8.85740817E-02  0.129366279      0.181318000      0.242313072      0.308923483      0.377472669      0.444766313      0.508437157      0.566997707      0.619720936      0.666450441      0.707408488      0.743036985      0.773880720      0.800510287      0.823475897      0.843282700      0.860380590    
   3.55342180E-02   5.72706498E-02   9.13503766E-02  0.140638843      0.205145597      0.280838072      0.361644357      0.441778481      0.516988873      0.584809065      0.644261062      0.695385098      0.738806307      0.775415897      0.806169927      0.831978202      0.853653193      0.871893525      0.887286544      0.900319397      0.911392927    
   5.19203171E-02   8.69764462E-02  0.142361030      0.218285590      0.308248639      0.402476430      0.492588580      0.573500693      0.643172204      0.701595783      0.749830425      0.789336443      0.821601510      0.847967207      0.869570434      0.887342393      0.902031660      0.914234400      0.924423158      0.932972670      0.940180540    
   7.61262923E-02  0.132295147      0.216081664      0.318220854      0.424257994      0.522812486      0.608175278      0.679018199      0.736408114      0.782349885      0.818980515      0.848215044      0.871638894      0.890512764      0.905819356      0.918317318      0.928590953      0.937090933      0.944166183      0.950088084      0.955069363    
  0.111927286      0.196933135      0.307190686      0.422071576      0.527117968      0.616290867      0.688899159      0.746736586      0.792369008      0.828305662      0.856687367      0.879227042      0.897252142      0.911776185      0.923568785      0.933214605      0.941159189      0.947744250      0.953233540      0.957832038      0.961700320    
  0.163213238      0.276686311      0.396786988      0.505374551      0.597453296      0.672845185      0.733290374      0.781224489      0.819100440      0.849069774      0.872889102      0.891939044      0.907283068      0.919733465      0.929909170      0.938282967      0.945217490      0.950992465      0.955825508      0.959886670      0.963310301    
  0.230483443      0.356348544      0.465251207      0.557568729      0.635537744      0.700141013      0.752699137      0.794968247      0.828795373      0.855864882      0.877594173      0.895124376      0.909351826      0.920972526      0.930524290      0.938422918      0.944990814      0.950479031      0.955084264      0.958961725      0.962234378    
  0.305932313      0.419874072      0.508176267      0.585245490      0.652955115      0.710723579      0.758744717      0.798015535      0.829871118      0.855651855      0.876546264      0.893543065      0.907437384      0.918857694      0.928296566      0.936139226      0.942687333      0.948177755      0.952797711      0.956695735      0.959990442    
  0.375158370      0.463034481      0.533322155      0.599689007      0.660632491      0.713992476      0.759150207      0.796598613      0.827330768      0.852451205      0.872987092      0.889818549      0.903668702      0.915118515      0.924629450      0.932566643      0.939218581      0.944813967      0.949534476      0.953525484      0.956903517    
  0.427698135      0.489989489      0.547491431      0.606441259      0.662606001      0.712845445      0.756024957      0.792286336      0.822367966      0.847191930      0.867658079      0.884559631      0.898561239      0.910205305      0.919928193      0.928078949      0.934936106      0.940722346      0.945616126      0.949760973      0.953273058    
  0.462637603      0.505992353      0.554451764      0.607807457      0.660273135      0.708144724      0.749922752      0.785457075      0.815257728      0.840079725      0.860707045      0.877856791      0.892145097      0.904084802      0.914094865      0.922514498      0.929617524      0.935624480      0.940713525      0.945028841      0.948687732    
  0.484649599      0.515862346      0.557867706      0.606797934      0.656180263      0.702025890      0.742594600      0.777515113      0.807111859      0.831996560      0.852849424      0.870315313      0.884962201      0.897271335      0.907641888      0.916401327      0.923816502      0.930104733      0.935443044      0.939975798      0.943821192    
