          51          21   2.0000000000000000     
   1.0000000000000000E-003   1.2589254117941675E-003   1.5848931924611141E-003   1.9952623149688789E-003   2.5118864315095794E-003   3.1622776601683794E-003   3.9810717055349734E-003   5.0118723362727246E-003   6.3095734448019303E-003   7.9432823472428138E-003   1.0000000000000000E-002   1.2589254117941675E-002   1.5848931924611141E-002   1.9952623149688799E-002   2.5118864315095808E-002   3.1622776601683791E-002   3.9810717055349734E-002   5.0118723362727248E-002   6.3095734448019331E-002   7.9432823472428180E-002  0.10000000000000001       0.12589254117941676       0.15848931924611143       0.19952623149688808       0.25118864315095824       0.31622776601683794       0.39810717055349731       0.50118723362727247       0.63095734448019358       0.79432823472428216        1.0000000000000000        1.2589254117941675        1.5848931924611140        1.9952623149688808        2.5118864315095824        3.1622776601683795        3.9810717055349731        5.0118723362727247        6.3095734448019360        7.9432823472428211        10.000000000000000        12.589254117941687        15.848931924611142        19.952623149688787        25.118864315095820        31.622776601683793        39.810717055349777        50.118723362727252        63.095734448019428        79.432823472428211        100.00000000000000     
   200.00000000000000        290.00000000000000        380.00000000000000        470.00000000000000        560.00000000000000        650.00000000000000        740.00000000000000        830.00000000000000        920.00000000000000        1010.0000000000000        1100.0000000000000        1190.0000000000000        1280.0000000000000        1370.0000000000000        1460.0000000000000        1550.0000000000000        1640.0000000000000        1730.0000000000000        1820.0000000000000        1910.0000000000000        2000.0000000000000     
   4.94976077E-17   6.08112283E-17   5.97120575E-17   5.26228715E-17   4.42711795E-17   3.66156792E-17   3.01880954E-17   2.49732494E-17   2.07921426E-17   1.74446055E-17   1.47546621E-17   1.25799472E-17   1.08091413E-17   9.35636316E-18   8.15558311E-18   7.15594031E-18   6.31808079E-18   5.61136952E-18   5.01179758E-18   4.50041633E-18   4.06216487E-18
   9.98512878E-17   1.22674352E-16   1.20457111E-16   1.06156217E-16   8.93085136E-17   7.38653030E-17   6.08992800E-17   5.03798356E-17   4.19459384E-17   3.51938153E-17   2.97685229E-17   2.53829123E-17   2.18124798E-17   1.88840338E-17   1.64644378E-17   1.44511547E-17   1.27648725E-17   1.13438664E-17   1.01397843E-17   9.11448728E-18   8.23768327E-18
   2.00216169E-16   2.45980141E-16   2.41534648E-16   2.12859658E-16   1.79078091E-16   1.48113041E-16   1.22115522E-16   1.01024329E-16   8.41156722E-17   7.05801056E-17   5.97060885E-17   5.09180621E-17   4.37660667E-17   3.79030766E-17   3.30623694E-17   2.90386287E-17   2.56731004E-17   2.28423230E-17   2.04496633E-17   1.84189846E-17   1.66899025E-17
   4.00286569E-16   4.91782723E-16   4.82896236E-16   4.25568490E-16   3.58031959E-16   2.96127615E-16   2.44156453E-16   2.01996619E-16   1.68201712E-16   1.41154057E-16   1.19431844E-16   1.01885146E-16   8.76152418E-17   7.59292444E-17   6.62949130E-17   5.83027998E-17   5.16366339E-17   4.60507627E-17   4.13532337E-17   3.73931231E-17   3.40510686E-17
   7.99270189E-16   9.81969531E-16   9.64229908E-16   8.49766217E-16   7.14921007E-16   5.91326724E-16   4.87573340E-16   4.03419796E-16   3.35980277E-16   2.82027375E-16   2.38724907E-16   2.03779914E-16   1.75401214E-16   1.52208896E-16   1.33144024E-16   1.17393089E-16   1.04328830E-16   9.34652219E-17   8.44236481E-17   7.69076270E-17   7.06838605E-17
   1.59517300E-15   1.95981761E-15   1.92442879E-15   1.69600359E-15   1.42691340E-15   1.18029711E-15   9.73306607E-16   8.05469146E-16   6.71034642E-16   5.63571995E-16   4.77431974E-16   4.08050261E-16   3.51864951E-16   3.06135627E-16   2.68763316E-16   2.38139554E-16   2.13028270E-16   1.92475902E-16   1.75743838E-16   1.62257936E-16   1.51570696E-16
   3.18313859E-15   3.91083243E-15   3.84027120E-15   3.38452999E-15   2.84769237E-15   2.35578010E-15   1.94304954E-15   1.60859011E-15   1.34096359E-15   1.12737608E-15   9.56597082E-16   8.19563616E-16   7.09215816E-16   6.20135691E-16   5.48187283E-16   4.90215501E-16   4.43810192E-16   4.07126413E-16   3.78749644E-16   3.57594758E-16   3.42830418E-16
   6.35171923E-15   7.80395425E-15   7.66335864E-15   6.75426105E-15   5.68354576E-15   4.70278918E-15   3.88046418E-15   3.21487946E-15   2.68334659E-15   2.26048360E-15   1.92403640E-15   1.65608557E-15   1.44271575E-15   1.27329381E-15   1.13975017E-15   1.03597699E-15   9.57355918E-16   9.00398882E-16   8.62478752E-16   8.41626495E-16   8.36380079E-16
   1.26746825E-14   1.55731818E-14   1.52933730E-14   1.34804633E-14   1.13458742E-14   9.39203515E-15   7.75601727E-15   6.43491396E-15   5.38395359E-15   4.55301597E-15   3.89824933E-15   3.38447007E-15   2.98449878E-15   2.67771636E-15   2.44862571E-15   2.28564556E-15   2.18016646E-15   2.12583162E-15   2.11799530E-15   2.15331699E-15   2.22945890E-15
   2.52933864E-14   3.10796649E-14   3.05240452E-14   2.69107856E-14   2.26588733E-14   1.87724795E-14   1.55267441E-14   1.29175582E-14   1.08573429E-14   9.24791249E-15   8.00362448E-15   7.05615969E-15   6.35317401E-15   5.85540070E-15   5.53376662E-15   5.36697778E-15   5.33962328E-15   5.44073360E-15   5.66269435E-15   6.00043222E-15   6.45080684E-15
   5.04797484E-14   6.20350600E-14   6.09364311E-14   5.37428649E-14   4.52875245E-14   3.75800431E-14   3.11752001E-14   2.60706204E-14   2.20974413E-14   1.90656579E-14   1.68102565E-14   1.52006737E-14   1.41380632E-14   1.35494634E-14   1.33820143E-14   1.35981102E-14   1.41715998E-14   1.50848978E-14   1.63268142E-14   1.78909249E-14   1.97743568E-14
   1.00761054E-13   1.23851355E-13   1.21696693E-13   1.07405736E-13   9.06452037E-14   7.54456447E-14   6.29335383E-14   5.31230503E-14   4.56956792E-14   4.02900878E-14   3.65939917E-14   3.43628663E-14   3.34143757E-14   3.36166506E-14   3.48767205E-14   3.71308039E-14   4.03367559E-14   4.44683048E-14   4.95107732E-14   5.54578627E-14   6.23092750E-14
   2.01174946E-13   2.47363138E-13   2.43203352E-13   2.14928010E-13   1.81903741E-13   1.52241081E-13   1.28249367E-13   1.10013879E-13   9.69518790E-14   8.83906799E-14   8.37507486E-14   8.25828392E-14   8.45568190E-14   8.94383580E-14   9.70659642E-14   1.07331854E-13   1.20167101E-13   1.35530449E-13   1.53400011E-13   1.73767196E-13   1.96632234E-13
   4.01815815E-13   4.94370820E-13   4.86584731E-13   4.31064581E-13   3.66709267E-13   3.09913743E-13   2.65465628E-13   2.33690373E-13   2.13558785E-13   2.03841420E-13   2.03474675E-13   2.11635749E-13   2.27721542E-13   2.51303454E-13   2.82082897E-13   3.19854766E-13   3.64479063E-13   4.15860109E-13   4.73931170E-13   5.38643674E-13   6.09959294E-13
   8.03082210E-13   9.89099427E-13   9.75426445E-13   8.67914518E-13   7.44972877E-13   6.39921601E-13   5.62782622E-13   5.14570266E-13   4.93507904E-13   4.97341860E-13   5.24080237E-13   5.72150075E-13   6.40363034E-13   7.27832345E-13   8.33891170E-13   9.58025326E-13   1.09982271E-12   1.25893686E-12   1.43506062E-12   1.62790831E-12   1.83720400E-12
   1.60674393E-12   1.98241532E-12   1.96172028E-12   1.75867925E-12   1.53203817E-12   1.34984016E-12   1.23311745E-12   1.18454920E-12   1.20094917E-12   1.27793826E-12   1.41146177E-12   1.59814067E-12   1.83523466E-12   2.12050386E-12   2.45206958E-12   2.82830118E-12   3.24773086E-12   3.70899492E-12   4.21079404E-12   4.75186687E-12   5.33097221E-12
   3.22003839E-12   3.98454620E-12   3.96581596E-12   3.59937102E-12   3.20803020E-12   2.93095929E-12   2.81174758E-12   2.85617753E-12   3.05748742E-12   3.40592398E-12   3.89193885E-12   4.50701716E-12   5.24370694E-12   6.09542581E-12   7.05624274E-12   8.12070550E-12   9.28370575E-12   1.05403932E-11   1.18861145E-11   1.33163792E-11   1.48268325E-11
   6.47025142E-12   8.04396480E-12   8.08093609E-12   7.47415411E-12   6.88195117E-12   6.58735393E-12   6.67737697E-12   7.16046580E-12   8.01813997E-12   9.22481969E-12   1.07547062E-11   1.25837925E-11   1.46901744E-11   1.70538323E-11   1.96563252E-11   2.24805122E-11   2.55103490E-11   2.87307261E-11   3.21273702E-11   3.56867626E-11   3.93960871E-11
   1.30537074E-11   1.63451197E-11   1.66529360E-11   1.58216790E-11   1.51923127E-11   1.53303568E-11   1.63965490E-11   1.83883585E-11   2.12467509E-11   2.48977991E-11   2.92675918E-11   3.42869413E-11   3.98923845E-11   4.60259435E-11   5.26346015E-11   5.96697275E-11   6.70865793E-11   7.48439505E-11   8.29037880E-11   9.12309533E-11   9.97929794E-11
   2.64922945E-11   3.35156521E-11   3.48291743E-11   3.42624887E-11   3.45249558E-11   3.67075710E-11   4.10650507E-11   4.75183747E-11   5.58770981E-11   6.59264449E-11   7.74587408E-11   9.02833294E-11   1.04228411E-10   1.19140156E-10   1.34881037E-10   1.51328047E-10   1.68371095E-10   1.85911550E-10   2.03861039E-10   2.22140376E-10   2.40678560E-10
   5.42097305E-11   6.95317484E-11   7.41225831E-11   7.59369928E-11   8.03525302E-11   8.93528238E-11   1.03212987E-10   1.21553143E-10   1.43799014E-10   1.69359568E-10   1.97688532E-10   2.28300961E-10   2.60773375E-10   2.94738456E-10   3.29878291E-10   3.65918101E-10   4.02620354E-10   4.39779907E-10   4.77219542E-10   5.14786436E-10   5.52348944E-10
   1.12109107E-10   1.46223283E-10   1.60575747E-10   1.71585135E-10   1.89613561E-10   2.17939874E-10   2.56446975E-10   3.03822745E-10   3.58492541E-10   4.18960339E-10   4.83912410E-10   5.52231927E-10   6.22983054E-10   6.95387081E-10   7.68798469E-10   8.42683479E-10   9.16601794E-10   9.90191373E-10   1.06315567E-09   1.13525289E-09   1.20628774E-09
   2.34746250E-10   3.11768167E-10   3.53095025E-10   3.92134492E-10   4.48019566E-10   5.25361032E-10   6.22328966E-10   7.35163042E-10   8.59972926E-10   9.93328531E-10   1.13238519E-09   1.27484912E-09   1.41889722E-09   1.56309421E-09   1.70631886E-09   1.84770177E-09   1.98657624E-09   2.12243756E-09   2.25491137E-09   2.38372766E-09   2.50869947E-09
   4.97869579E-10   6.72395584E-10   7.83247966E-10   8.96927921E-10   1.04683251E-09   1.23752342E-09   1.46216439E-09   1.71142189E-09   1.97668637E-09   2.25092034E-09   2.52866594E-09   2.80581025E-09   3.07931547E-09   3.34697980E-09   3.60724361E-09   3.85903753E-09   4.10166479E-09   4.33470992E-09   4.55797267E-09   4.77141127E-09   4.97510344E-09
   1.06756726E-09   1.45956791E-09   1.73776149E-09   2.03088146E-09   2.39330822E-09   2.82472401E-09   3.30650218E-09   3.81829413E-09   4.34317915E-09   4.86845453E-09   5.38508704E-09   5.88691007E-09   6.36989395E-09   6.83156731E-09   7.27057747E-09   7.68636799E-09   8.07894107E-09   8.44868797E-09   8.79626061E-09   9.12248144E-09   9.42828127E-09
   2.30438779E-09   3.16631188E-09   3.82023568E-09   4.50774573E-09   5.31049338E-09   6.21217477E-09   7.17084525E-09   8.14756618E-09   9.11330211E-09   1.00485256E-08   1.09410987E-08   1.17841754E-08   1.25745458E-08   1.33114328E-08   1.39956411E-08   1.46289754E-08   1.52138355E-08   1.57529456E-08   1.62491745E-08   1.67054122E-08   1.71244903E-08
   4.97519714E-09   6.80959866E-09   8.24856272E-09   9.73185088E-09   1.13719301E-08   1.31171625E-08   1.48870400E-08   1.66170846E-08   1.82653821E-08   1.98083772E-08   2.12353086E-08   2.25436896E-08   2.37360993E-08   2.48180534E-08   2.57966111E-08   2.66794977E-08   2.74745702E-08   2.81894810E-08   2.88314972E-08   2.94074098E-08   2.99234806E-08
   1.06631743E-08   1.44056083E-08   1.73652239E-08   2.03219113E-08   2.34200179E-08   2.65480669E-08   2.95747320E-08   3.24111618E-08   3.50114036E-08   3.73597366E-08   3.94589783E-08   4.13222416E-08   4.29676810E-08   4.44153265E-08   4.56852796E-08   4.67967105E-08   4.77673616E-08   4.86133764E-08   4.93492429E-08   4.99878823E-08   5.05407449E-08
   2.25165788E-08   2.97755136E-08   3.54515564E-08   4.09016607E-08   4.63109018E-08   5.14928438E-08   5.62720288E-08   6.05577526E-08   6.43279208E-08   6.76016398E-08   7.04187499E-08   7.28271985E-08   7.48759490E-08   7.66113857E-08   7.80756935E-08   7.93062966E-08   8.03359654E-08   8.11930931E-08   8.19021579E-08   8.24841919E-08   8.29572571E-08
   4.65318202E-08   5.98209198E-08   6.99377836E-08   7.92139119E-08   8.79220039E-08   9.58260813E-08   1.02757298E-07   1.08683317E-07   1.13661649E-07   1.17792112E-07   1.21186943E-07   1.23955104E-07   1.26195317E-07   1.27993673E-07   1.29423711E-07   1.30547392E-07   1.31416584E-07   1.32074547E-07   1.32557219E-07   1.32894499E-07   1.33111257E-07
   9.36100122E-08   1.16412615E-07   1.33093778E-07   1.47615637E-07   1.60477953E-07   1.71504794E-07   1.80654638E-07   1.88061946E-07   1.93948679E-07   1.98556521E-07   2.02111949E-07   2.04812494E-07   2.06823955E-07   2.08282614E-07   2.09299074E-07   2.09962607E-07   2.10344950E-07   2.10503742E-07   2.10485268E-07   2.10326704E-07   2.10057991E-07
   1.82643248E-07   2.19034703E-07   2.44303919E-07   2.65066575E-07   2.82342796E-07   2.96244565E-07   3.07055132E-07   3.15223645E-07   3.21235575E-07   3.25535837E-07   3.28500221E-07   3.30432954E-07   3.31574626E-07   3.32113018E-07   3.32193707E-07   3.31929272E-07   3.31406511E-07   3.30692501E-07   3.29838969E-07   3.28885875E-07   3.27864058E-07
   3.44885848E-07   3.98368542E-07   4.33140315E-07   4.59897223E-07   4.80640779E-07   4.96100199E-07   5.07120149E-07   5.14611031E-07   5.19400487E-07   5.22171376E-07   5.23458198E-07   5.23667779E-07   5.23104518E-07   5.21994650E-07   5.20505125E-07   5.18759180E-07   5.16847251E-07   5.14835790E-07   5.12773340E-07   5.10695202E-07   5.08626840E-07
   6.29912506E-07   7.01184376E-07   7.43739463E-07   7.73990678E-07   7.95430537E-07   8.09723019E-07   8.18452406E-07   8.23062464E-07   8.24731956E-07   8.24359176E-07   8.22602487E-07   8.19933973E-07   8.16687589E-07   8.13097472E-07   8.09326650E-07   8.05487616E-07   8.01657109E-07   7.97886742E-07   7.94210337E-07   7.90649153E-07   7.87215697E-07
   1.11370116E-06   1.19735387E-06   1.24152098E-06   1.26955001E-06   1.28665204E-06   1.29550597E-06   1.29840805E-06   1.29724708E-06   1.29344505E-06   1.28801253E-06   1.28164265E-06   1.27480007E-06   1.26779048E-06   1.26081079E-06   1.25398469E-06   1.24738688E-06   1.24105907E-06   1.23502184E-06   1.22928111E-06   1.22383437E-06   1.21867288E-06
   1.90998298E-06   1.99057467E-06   2.02405113E-06   2.04029629E-06   2.04564139E-06   2.04332650E-06   2.03597688E-06   2.02560864E-06   2.01363810E-06   2.00099976E-06   1.98828252E-06   1.97584177E-06   1.96387964E-06   1.95250163E-06   1.94175186E-06   1.93163714E-06   1.92214270E-06   1.91324011E-06   1.90489573E-06   1.89707237E-06   1.88973308E-06
   3.18702973E-06   3.23540598E-06   3.23868971E-06   3.22961728E-06   3.21357948E-06   3.19312426E-06   3.17037188E-06   3.14690283E-06   3.12374686E-06   3.10150517E-06   3.08048811E-06   3.06082234E-06   3.04252490E-06   3.02555145E-06   3.00982583E-06   2.99525709E-06   2.98175132E-06   2.96921644E-06   2.95756490E-06   2.94671668E-06   2.93659809E-06
   5.19311743E-06   5.16395994E-06   5.11012922E-06   5.05851267E-06   5.00953001E-06   4.96285793E-06   4.91883338E-06   4.87782745E-06   4.84000839E-06   4.80534527E-06   4.77367939E-06   4.74478384E-06   4.71840576E-06   4.69429415E-06   4.67221071E-06   4.65193853E-06   4.63328161E-06   4.61606669E-06   4.60014098E-06   4.58537033E-06   4.57163651E-06
   8.29360033E-06   8.12478083E-06   7.97991834E-06   7.86515466E-06   7.76977504E-06   7.68753944E-06   7.61537149E-06   7.55151996E-06   7.49476112E-06   7.44411727E-06   7.39876123E-06   7.35798494E-06   7.32118133E-06   7.28783061E-06   7.25749032E-06   7.22978439E-06   7.20439084E-06   7.18103593E-06   7.15948499E-06   7.13953705E-06   7.12101883E-06
   1.30177305E-05   1.26313016E-05   1.23549853E-05   1.21530029E-05   1.19954484E-05   1.18664602E-05   1.17576810E-05   1.16642468E-05   1.15829807E-05   1.15116236E-05   1.14484728E-05   1.13921997E-05   1.13417473E-05   1.12962589E-05   1.12550360E-05   1.12175012E-05   1.11831769E-05   1.11516620E-05   1.11226191E-05   1.10957626E-05   1.10708497E-05
   2.00992290E-05   1.94033655E-05   1.89487200E-05   1.86312936E-05   1.83925713E-05   1.82029289E-05   1.80467214E-05   1.79148992E-05   1.78017381E-05   1.77033271E-05   1.76168487E-05   1.75401947E-05   1.74717352E-05   1.74101897E-05   1.73545377E-05   1.73039462E-05   1.72577384E-05   1.72153486E-05   1.71763113E-05   1.71402280E-05   1.71067677E-05
   3.04674977E-05   2.93591929E-05   2.86727482E-05   2.82066867E-05   2.78637253E-05   2.75960956E-05   2.73787118E-05   2.71971985E-05   2.70425971E-05   2.69089232E-05   2.67919568E-05   2.66886000E-05   2.65965064E-05   2.65138551E-05   2.64392129E-05   2.63714210E-05   2.63095444E-05   2.62528101E-05   2.62005797E-05   2.61523164E-05   2.61075656E-05
   4.51128290E-05   4.34829526E-05   4.25059079E-05   4.18534291E-05   4.13792877E-05   4.10130924E-05   4.07180814E-05   4.04732964E-05   4.02657897E-05   4.00870013E-05   3.99309683E-05   3.97933545E-05   3.96709183E-05   3.95611496E-05   3.94620984E-05   3.93721930E-05   3.92901638E-05   3.92149814E-05   3.91457834E-05   3.90818495E-05   3.90225759E-05
   6.47383713E-05   6.24829700E-05   6.11567521E-05   6.02790788E-05   5.96456193E-05   5.91591997E-05   5.87691939E-05   5.84468071E-05   5.81743116E-05   5.79400548E-05   5.77359569E-05   5.75561862E-05   5.73963916E-05   5.72532444E-05   5.71241399E-05   5.70070079E-05   5.69001786E-05   5.68022879E-05   5.67122042E-05   5.66289891E-05   5.65518494E-05
   8.91759337E-05   8.62183078E-05   8.44973329E-05   8.33633530E-05   8.25476673E-05   8.19232810E-05   8.14240484E-05   8.10123238E-05   8.06649768E-05   8.03668154E-05   8.01073402E-05   7.98790061E-05   7.96761815E-05   7.94945954E-05   7.93308936E-05   7.91824277E-05   7.90470513E-05   7.89230398E-05   7.88089310E-05   7.87035460E-05   7.86058590E-05
   1.16718373E-04   1.13042719E-04   1.10914654E-04   1.09514724E-04   1.08509230E-04   1.07740838E-04   1.07127489E-04   1.06622421E-04   1.06196865E-04   1.05831954E-04   1.05514657E-04   1.05235631E-04   1.04987921E-04   1.04766237E-04   1.04566461E-04   1.04385334E-04   1.04220228E-04   1.04068997E-04   1.03929873E-04   1.03801402E-04   1.03682331E-04
   1.43751269E-04   1.39439915E-04   1.36948467E-04   1.35309849E-04   1.34133545E-04   1.33235430E-04   1.32519286E-04   1.31930181E-04   1.31434266E-04   1.31009350E-04   1.30640125E-04   1.30315602E-04   1.30027620E-04   1.29769993E-04   1.29537904E-04   1.29327527E-04   1.29135791E-04   1.28960193E-04   1.28798696E-04   1.28649568E-04   1.28511383E-04
   1.65159770E-04   1.60416210E-04   1.57675560E-04   1.55872345E-04   1.54577981E-04   1.53590241E-04   1.52803186E-04   1.52156223E-04   1.51611966E-04   1.51145898E-04   1.50741122E-04   1.50385487E-04   1.50070016E-04   1.49787884E-04   1.49533778E-04   1.49303480E-04   1.49093641E-04   1.48901512E-04   1.48724808E-04   1.48561667E-04   1.48410501E-04
   1.75722977E-04   1.70860076E-04   1.68048980E-04   1.66198268E-04   1.64869678E-04   1.63856123E-04   1.63048899E-04   1.62385724E-04   1.61828109E-04   1.61350821E-04   1.60936470E-04   1.60572541E-04   1.60249809E-04   1.59961230E-04   1.59701391E-04   1.59465941E-04   1.59251431E-04   1.59055038E-04   1.58874449E-04   1.58707742E-04   1.58553274E-04
   1.72093758E-04   1.67478240E-04   1.64807992E-04   1.63048899E-04   1.61785880E-04   1.60822528E-04   1.60055555E-04   1.59425719E-04   1.58896350E-04   1.58443407E-04   1.58050301E-04   1.57705130E-04   1.57399103E-04   1.57125527E-04   1.56879221E-04   1.56656068E-04   1.56452792E-04   1.56266717E-04   1.56095630E-04   1.55937698E-04   1.55791378E-04
   1.54383772E-04   1.50350592E-04   1.48015271E-04   1.46475941E-04   1.45370504E-04   1.44527468E-04   1.43856480E-04   1.43305631E-04   1.42842808E-04   1.42446908E-04   1.42103396E-04   1.41801836E-04   1.41534532E-04   1.41295604E-04   1.41080513E-04   1.40885692E-04   1.40708231E-04   1.40545802E-04   1.40396471E-04   1.40258635E-04   1.40130942E-04
