          51          21   2.0000000000000000     
   1.0000000000000000E-003   1.2589254117941675E-003   1.5848931924611141E-003   1.9952623149688789E-003   2.5118864315095794E-003   3.1622776601683794E-003   3.9810717055349734E-003   5.0118723362727246E-003   6.3095734448019303E-003   7.9432823472428138E-003   1.0000000000000000E-002   1.2589254117941675E-002   1.5848931924611141E-002   1.9952623149688799E-002   2.5118864315095808E-002   3.1622776601683791E-002   3.9810717055349734E-002   5.0118723362727248E-002   6.3095734448019331E-002   7.9432823472428180E-002  0.10000000000000001       0.12589254117941676       0.15848931924611143       0.19952623149688808       0.25118864315095824       0.31622776601683794       0.39810717055349731       0.50118723362727247       0.63095734448019358       0.79432823472428216        1.0000000000000000        1.2589254117941675        1.5848931924611140        1.9952623149688808        2.5118864315095824        3.1622776601683795        3.9810717055349731        5.0118723362727247        6.3095734448019360        7.9432823472428211        10.000000000000000        12.589254117941687        15.848931924611142        19.952623149688787        25.118864315095820        31.622776601683793        39.810717055349777        50.118723362727252        63.095734448019428        79.432823472428211        100.00000000000000     
   200.00000000000000        290.00000000000000        380.00000000000000        470.00000000000000        560.00000000000000        650.00000000000000        740.00000000000000        830.00000000000000        920.00000000000000        1010.0000000000000        1100.0000000000000        1190.0000000000000        1280.0000000000000        1370.0000000000000        1460.0000000000000        1550.0000000000000        1640.0000000000000        1730.0000000000000        1820.0000000000000        1910.0000000000000        2000.0000000000000     
   2.99664208E-07   1.92816032E-07   4.32223885E-07   1.13250792E-06   2.77004187E-06   6.20061292E-06   1.28247530E-05   2.48074175E-05   4.53486355E-05   7.90073027E-05   1.32080095E-04   2.13036299E-04   3.33007687E-04   5.06330281E-04   7.51131738E-04   1.08995417E-03   1.55039737E-03   2.16576015E-03   2.97565223E-03   4.02653776E-03   5.37216477E-03
   5.75317927E-07   3.77571951E-07   8.52026517E-07   2.23476513E-06   5.46730735E-06   1.22394522E-05   2.53165163E-05   4.89732010E-05   8.95277117E-05   1.55980015E-04   2.60757224E-04   4.20566095E-04   6.57348486E-04   9.99328680E-04   1.48213468E-03   2.14996282E-03   3.05674155E-03   4.26723482E-03   5.85800176E-03   7.91810360E-03   1.05494363E-02
   1.09190853E-06   7.40401561E-07   1.68861129E-06   4.43619865E-06   1.08567492E-05   2.43077029E-05   5.02826515E-05   9.72729395E-05   1.77826485E-04   3.09809664E-04   5.17874665E-04   8.35125858E-04   1.30496640E-03   1.98308704E-03   2.93953600E-03   4.26077191E-03   6.05156412E-03   8.43655132E-03   1.15612037E-02   1.55918887E-02   2.07146741E-02
   2.03297191E-06   1.44839601E-06   3.35397249E-06   8.83144185E-06   2.16232966E-05   4.84208576E-05   1.00168923E-04   1.93778702E-04   3.54225049E-04   6.17032056E-04   1.03113742E-03   1.66209834E-03   2.59556109E-03   3.94085655E-03   5.83450729E-03   8.44332203E-03   1.19666252E-02   1.66370403E-02   2.27190666E-02   3.05046421E-02   4.03048098E-02
   3.69314762E-06   2.82169890E-06   6.66553206E-06   1.76025023E-05   4.31230474E-05   9.65783256E-05   1.99789865E-04   3.86444270E-04   7.06219522E-04   1.22962077E-03   2.05345149E-03   3.30675393E-03   5.15691470E-03   7.81544019E-03   1.15426444E-02   1.66501906E-02   2.35000774E-02   3.24983783E-02   4.40819412E-02   5.86964265E-02   7.67649859E-02
   6.52699464E-06   5.47450918E-06   1.32459199E-05   3.50991395E-05   8.60368164E-05   1.92692998E-04   3.98532487E-04   7.70520710E-04   1.40711863E-03   2.44744564E-03   4.08126181E-03   6.55910093E-03   1.02014411E-02   1.54051688E-02   2.26448774E-02   3.24658155E-02   4.54648286E-02   6.22558817E-02   8.34182575E-02  0.109428674      0.140583619    
   1.12219313E-05   1.05918680E-05   2.63183174E-05   6.99876473E-05   1.71632113E-04   3.84293235E-04   7.94280262E-04   1.53404963E-03   2.79723923E-03   4.85513592E-03   8.07317067E-03   1.29249906E-02   2.00002603E-02   3.00007071E-02   4.37175333E-02   6.19830675E-02   8.55916440E-02  0.115190752      0.151153624      0.193456918      0.241596445    
   1.88359263E-05   2.04796252E-05   5.22865121E-05   1.39502343E-04   3.42106941E-04   7.65321951E-04   1.57947349E-03   3.04407859E-03   5.53453434E-03   9.56856925E-03   1.58273522E-02   2.51630768E-02   3.85813937E-02   5.71848415E-02   8.20649564E-02  0.114139833      0.153952628      0.201472163      0.255958229      0.315953791      0.379434049    
   3.11060867E-05   3.96632204E-05   1.03858387E-04   2.77774205E-04   6.80617522E-04   1.51961017E-03   3.12719168E-03   6.00347389E-03   1.08582769E-02   1.86426956E-02   3.05536538E-02   4.79880869E-02   7.24205524E-02  0.105186671      0.147183105      0.198543042      0.258395404      0.324828774      0.395123601      0.466203183      0.535152435    
   5.11608014E-05   7.70763509E-05   2.06156270E-04   5.51870908E-04   1.34911214E-03   3.00098700E-03   6.14456087E-03   1.17173260E-02   2.10055131E-02   3.56426947E-02   5.75139560E-02   8.85189921E-02  0.130175367      0.183116794      0.246645078      0.318559408      0.395423770      0.473229825      0.548199296      0.617413223      0.679089785    
   8.50899742E-05   1.50370717E-04   4.08456312E-04   1.09186547E-03   2.65714270E-03   5.87326242E-03   1.19257951E-02   2.24941615E-02   3.97450663E-02   6.61605299E-02  0.104120359      0.155230165      0.219552159      0.295086503      0.377878875      0.462850273      0.545006096      0.620463610      0.686924398      0.743590236      0.790763795    
   1.45205413E-04   2.94237427E-04   8.06118129E-04   2.14496907E-03   5.18005667E-03   1.13350479E-02   2.27166470E-02   4.21154685E-02   7.27367923E-02  0.117524512      0.178094611      0.253629655      0.340396792      0.432414621      0.523085356      0.606921494      0.680528283      0.742644072      0.793589056      0.834577858      0.867168605    
   2.56464264E-04   5.76020160E-04   1.57989631E-03   4.16735932E-03   9.94480960E-03   2.14317814E-02   4.21065316E-02   7.60430768E-02  0.126903862      0.196333125      0.282418370      0.379366815      0.479035586      0.573548138      0.657394469      0.728069544      0.785503089      0.831058502      0.866670072      0.894303322      0.915696502    
   4.68591927E-04   1.12385279E-03   3.06235766E-03   7.96664320E-03   1.86814275E-02   3.93710360E-02   7.51236826E-02  0.130582407      0.207631961      0.303247362      0.409380376      0.515635788      0.613030851      0.696318984      0.764051199      0.817319453      0.858376682      0.889696956      0.913506746      0.931627750      0.945475996    
   8.78039747E-04   2.17457255E-03   5.84077043E-03   1.48927420E-02   3.40700112E-02   6.95605129E-02  0.127352878      0.210072041      0.313885778      0.428450078      0.540949464      0.641239822      0.724365950      0.789911091      0.840022326      0.877702832      0.905848444      0.926870644      0.942636967      0.954539955      0.963598728    
   1.66579324E-03   4.14888235E-03   1.08960662E-02   2.70275157E-02   5.97687624E-02  0.116828248      0.202393010      0.312609494      0.435048521      0.554162145      0.658247292      0.742379010      0.807014525      0.855241239      0.890730977      0.916754305      0.935890675      0.950057030      0.960637093      0.968617320      0.974698663    
   3.15788714E-03   7.75527768E-03   1.97473187E-02   4.72272895E-02   9.98296514E-02  0.184334651      0.298291862      0.427905142      0.554509759      0.664027393      0.750960886      0.816356003      0.864142716      0.898646176      0.923529625      0.941570640      0.954768240      0.964527607      0.971828341      0.977354288      0.981584966    
   5.91189461E-03   1.41046494E-02   3.45108360E-02   7.87549168E-02  0.157148063      0.270713538      0.405960262      0.540995479      0.658125520      0.750214219      0.818411410      0.867384911      0.902155280      0.926854134      0.944527388      0.957312346      0.966678381      0.973630667      0.978859127      0.982841134      0.985910416    
   1.08186118E-02   2.47774199E-02   5.77069707E-02  0.124247909      0.231278777      0.368699044      0.512340546      0.639463127      0.739572406      0.813049614      0.865103066      0.901522756      0.927035749      0.945066214      0.957970619      0.967338920      0.974240601      0.979398787      0.983307481      0.986307919      0.988639295    
   1.91773847E-02   4.17321697E-02   9.16362181E-02  0.184161276      0.317131042      0.467367887      0.606329679      0.717687488      0.799448133      0.856877625      0.896578133      0.924040973      0.943222225      0.956807971      0.966583490      0.973731577      0.979041219      0.983044565      0.986105382      0.988476217      0.990334630    
   3.26594338E-02   6.69255406E-02  0.137343675      0.255570054      0.406177044      0.556758285      0.682422101      0.776002586      0.841664612      0.886681795      0.917486846      0.938766599      0.953686833      0.964327991      0.972051144      0.977752507      0.982029617      0.985286713      0.987801671      0.989768445      0.991324484    
   5.30477203E-02  0.101615757      0.193626314      0.332501680      0.489740163      0.631153822      0.740286291      0.817695022      0.870645761      0.906590998      0.931179464      0.948253274      0.960324287      0.969019353      0.975397885      0.980158508      0.983769059      0.986548066      0.988716125      0.990428627      0.991796434    
   8.17014948E-02  0.145585150      0.256838799      0.407936722      0.561900556      0.689267159      0.782403469      0.846622407      0.890083611      0.919588804      0.939897120      0.954133391      0.964310944      0.971729279      0.977236807      0.981396198      0.984587193      0.987070620      0.989028633      0.990590870      0.991850674    
  0.118885577      0.196762994      0.321863413      0.476131707      0.620292842      0.732576191      0.812016487      0.866092563      0.902678609      0.927685201      0.945078611      0.957421660      0.966360450      0.972960949      0.977923989      0.981718540      0.984664023      0.986982167      0.988829434      0.990318120      0.991530120    
  0.163327307      0.251615107      0.383702397      0.533818185      0.665204883      0.763594866      0.832056284      0.878579855      0.910271764      0.932177961      0.947618186      0.958729386      0.966889322      0.972997427      0.977650762      0.981253147      0.984082699      0.986334622      0.988148034      0.989624023      0.990836918    
  0.212356001      0.306146204      0.438713908      0.580044448      0.698244393      0.784822345      0.844795763      0.885801136      0.914060891      0.933872938      0.948048413      0.958403707      0.966120243      0.971977532      0.976499140      0.980043352      0.982860088      0.985126555      0.986970723      0.988486290      0.989743054    
  0.262620211      0.356930107      0.484984368      0.615348160      0.721350551      0.798312366      0.851855457      0.888887823      0.914791048      0.933244288      0.946661592      0.956617117      0.964146733      0.969942749      0.974476278      0.978073955      0.980966210      0.983318627      0.985252023      0.986855984      0.988197744    
  0.310975373      0.401677161      0.522022724      0.640936732      0.736284971      0.805594981      0.854328513      0.888551295      0.912898958      0.930545092      0.943591535      0.953426719      0.960976958      0.966870308      0.971540153      0.975290835      0.978340149      0.980846345      0.982926190      0.984667242      0.986135960    
  0.355090529      0.439268619      0.550222039      0.658153951      0.744460821      0.807747424      0.852923572      0.885217965      0.908619940      0.925887585      0.938873231      0.948819637      0.956568956      0.962701023      0.967621803      0.971620619      0.974906921      0.977635026      0.979920089      0.981849372      0.983489871    
  0.393615723      0.469483078      0.570397913      0.668228626      0.746949852      0.805512488      0.848094523      0.879138052      0.902072787      0.919308901      0.932494342      0.942754328      0.950864792      0.957368553      0.962651730      0.966993213      0.970597982      0.973618627      0.976170719      0.978342652      0.980202913    
  0.426034153      0.492663473      0.583505094      0.672211289      0.744568765      0.799424648      0.840156972      0.870481372      0.893335998      0.910832703      0.924446344      0.935204387      0.943828702      0.950833023      0.956588745      0.961368382      0.965374649      0.968760848      0.971644223      0.974115491      0.976245821    
  0.452403456      0.509460211      0.590515018      0.671014428      0.737994075      0.789932609      0.829395115      0.859425366      0.882521152      0.900530457      0.914776623      0.926202714      0.935484827      0.943113387      0.949448824      0.954759896      0.959249496      0.963073075      0.966350853      0.969177306      0.971626997    
  0.473124743      0.520682395      0.592397988      0.665497661      0.727880597      0.777512133      0.816157401      0.846234322      0.869837224      0.888574004      0.903631151      0.915876150      0.925945282      0.934309542      0.941321433      0.947248161      0.952294588      0.956619680      0.960348248      0.963578999      0.966391206    
  0.488789886      0.527234674      0.590157449      0.656559467      0.714962304      0.762753427      0.800926447      0.831312120      0.855629027      0.875261962      0.891270757      0.904453635      0.915411353      0.924598455      0.932361901      0.938969135      0.944628477      0.949503720      0.953725040      0.957396686      0.960602820    
  0.500102520      0.530100703      0.584869146      0.645198882      0.700106800      0.746398151      0.784336925      0.815204024      0.840366185      0.860998869      0.878043413      0.892233849      0.904138505      0.914197803      0.922754765      0.930078268      0.936381161      0.941832840      0.946569383      0.950701058      0.954317510    
  0.507845223      0.530333638      0.577686965      0.632516265      0.684297979      0.729301929      0.767122507      0.798533380      0.824573994      0.846224427      0.864314616      0.879518330      0.892373681      0.903307855      0.912660480      0.920702398      0.927650690      0.933680534      0.938933969      0.943526924      0.947554827    
  0.512862146      0.529020488      0.569787025      0.619633615      0.668535471      0.712321937      0.750000536      0.781889439      0.808729589      0.831319630      0.850384533      0.866540015      0.880293906      0.892059743      0.902172565      0.910903752      0.918473840      0.925062478      0.930816889      0.935858130      0.940286338    
  0.516027331      0.527199984      0.562246442      0.607549965      0.653683543      0.696173489      0.733544528      0.765721142      0.793176591      0.816541433      0.836439908      0.853429317      0.867985010      0.880503714      0.891312897      0.900682032      0.908832490      0.915946543      0.922174811      0.927642047      0.932452202    
  0.518180370      0.525738835      0.555891097      0.596988082      0.640337467      0.681326509      0.718114257      0.750296533      0.778109431      0.802026689      0.822572887      0.840243995      0.855478227      0.868650794      0.880077183      0.890020847      0.898701012      0.906299889      0.912969351      0.918836117      0.924006462    
  0.520029485      0.525204718      0.551175475      0.588304400      0.628773212      0.667994559      0.703876376      0.735747755      0.763635159      0.787863970      0.808858573      0.827048898      0.842830658      0.856551945      0.868511438      0.878962457      0.888118386      0.896158814      0.903234422      0.909472167      0.914979219    
  0.522053123      0.525795877      0.548157036      0.581506431      0.618998706      0.656208396      0.690890849      0.722162843      0.749865413      0.774183214      0.795440257      0.813996792      0.830201209      0.844369590      0.856779635      0.867670834      0.877247930      0.885684967      0.893129766      0.899707854      0.905525863    
  0.524449348      0.527375460      0.546583772      0.576360762      0.610861838      0.645913422      0.679193914      0.709653378      0.736970365      0.761198401      0.782563269      0.801354527      0.817870736      0.832393289      0.845175803      0.856441677      0.866384625      0.875171661      0.882946014      0.889830470      0.895930350    
  0.527170241      0.529601693      0.546050549      0.572531521      0.604152322      0.637032926      0.668827355      0.698357105      0.725161433      0.749175310      0.770532250      0.789453685      0.806188583      0.820983112      0.834066093      0.845643520      0.855897129      0.864985764      0.873047173      0.880200684      0.886549532    
  0.530026793      0.532090485      0.546150327      0.569688737      0.598660290      0.629481912      0.659816623      0.688389659      0.714624286      0.738351941      0.759623468      0.778597414      0.795476437      0.810473025      0.823791921      0.835621834      0.846132457      0.855474174      0.863778949      0.871162236      0.877724826    
  0.532806158      0.534534276      0.546565235      0.567562342      0.594195068      0.623156071      0.652137399      0.679794252      0.705456555      0.728868365      0.750009239      0.768982232      0.785948515      0.801089942      0.814589083      0.826618493      0.837336421      0.846885026      0.855390787      0.862965167      0.869706273    
  0.535349429      0.536746860      0.547089934      0.565952361      0.590585351      0.617925048      0.645702541      0.672524452      0.697646976      0.720743060      0.741732180      0.760670245      0.777682424      0.792923868      0.806557238      0.818740785      0.829622388      0.839336693      0.848004818      0.855734646      0.862621665    
  0.537574768      0.538650572      0.547612786      0.564717293      0.587677896      0.613639355      0.640375733      0.666460991      0.691094816      0.713892937      0.734725595      0.753609300      0.770638824      0.785946369      0.799677670      0.811978400      0.822987139      0.832831979      0.841629326      0.849483550      0.856487870    
  0.539464951      0.540239334      0.548084319      0.563757718      0.585337996      0.610145152      0.635996342      0.661444843      0.685647190      0.708173811      0.728855073      0.747675061      0.764703155      0.780052304      0.793853760      0.806242466      0.817349017      0.827295780      0.836194932      0.844147801      0.851245582    
  0.541042507      0.541544318      0.548489511      0.563003421      0.583450675      0.607297838      0.632403195      0.657307267      0.681134224      0.703418732      0.723958850      0.742712140      0.759727120      0.775100589      0.788951576      0.801405847      0.812587380      0.822613418      0.831592441      0.839623332      0.846795321    
  0.542348206      0.542609751      0.548830032      0.562403679      0.581921101      0.604970932      0.629449427      0.653890252      0.677393019      0.699463964      0.719875455      0.738563061      0.755558133      0.770943999      0.784829438      0.797332525      0.808571398      0.818659067      0.827700973      0.835793555      0.843024492    
  0.543427110      0.543480217      0.549113810      0.561921477      0.580672860      0.603058696      0.627009630      0.651056290      0.674279571      0.696163416      0.716458976      0.735084116      0.752055705      0.767445922      0.781354964      0.793894351      0.805177271      0.815313160      0.824404597      0.832546234      0.839824259    
