          51          21   2.0000000000000000     
   1.0000000000000000E-003   1.2589254117941675E-003   1.5848931924611141E-003   1.9952623149688789E-003   2.5118864315095794E-003   3.1622776601683794E-003   3.9810717055349734E-003   5.0118723362727246E-003   6.3095734448019303E-003   7.9432823472428138E-003   1.0000000000000000E-002   1.2589254117941675E-002   1.5848931924611141E-002   1.9952623149688799E-002   2.5118864315095808E-002   3.1622776601683791E-002   3.9810717055349734E-002   5.0118723362727248E-002   6.3095734448019331E-002   7.9432823472428180E-002  0.10000000000000001       0.12589254117941676       0.15848931924611143       0.19952623149688808       0.25118864315095824       0.31622776601683794       0.39810717055349731       0.50118723362727247       0.63095734448019358       0.79432823472428216        1.0000000000000000        1.2589254117941675        1.5848931924611140        1.9952623149688808        2.5118864315095824        3.1622776601683795        3.9810717055349731        5.0118723362727247        6.3095734448019360        7.9432823472428211        10.000000000000000        12.589254117941687        15.848931924611142        19.952623149688787        25.118864315095820        31.622776601683793        39.810717055349777        50.118723362727252        63.095734448019428        79.432823472428211        100.00000000000000     
   200.00000000000000        290.00000000000000        380.00000000000000        470.00000000000000        560.00000000000000        650.00000000000000        740.00000000000000        830.00000000000000        920.00000000000000        1010.0000000000000        1100.0000000000000        1190.0000000000000        1280.0000000000000        1370.0000000000000        1460.0000000000000        1550.0000000000000        1640.0000000000000        1730.0000000000000        1820.0000000000000        1910.0000000000000        2000.0000000000000     
   4.10551652E-02   1.17856488E-02   1.90194906E-03   4.83035023E-04   2.92251498E-04   3.08581744E-04   3.76791839E-04   4.66971076E-04   5.72170655E-04   6.90626155E-04   8.21956026E-04   9.66198219E-04   1.12352986E-03   1.29417505E-03   1.47837098E-03   1.67635398E-03   1.88835384E-03   2.11459072E-03   2.35527405E-03   2.61060288E-03   2.88076489E-03
   6.11480400E-02   1.72153208E-02   2.77183298E-03   7.21191987E-04   4.54348454E-04   4.89563041E-04   6.02119195E-04   7.48885621E-04   9.19959450E-04   1.11291592E-03   1.32730277E-03   1.56324438E-03   1.82103575E-03   2.10100925E-03   2.40348582E-03   2.72875791E-03   3.07708094E-03   3.44867329E-03   3.84371472E-03   4.26235050E-03   4.70469287E-03
   8.69056880E-02   2.36943625E-02   3.80663946E-03   1.03599660E-03   6.98717951E-04   7.76818953E-04   9.65478132E-04   1.20650511E-03   1.48671714E-03   1.80298381E-03   2.15476169E-03   2.54220702E-03   2.96563050E-03   3.42532410E-03   3.92150413E-03   4.45429282E-03   5.02371974E-03   5.62972343E-03   6.27216231E-03   6.95082359E-03   7.66543392E-03
  0.117547676       3.05342525E-02   4.90357820E-03   1.43735099E-03   1.06826704E-03   1.23575178E-03   1.55523093E-03   1.95374619E-03   2.41489941E-03   2.93473294E-03   3.51234362E-03   4.14753240E-03   4.84014954E-03   5.58990287E-03   6.39631087E-03   7.25870766E-03   8.17625970E-03   9.14799049E-03   1.01728076E-02   1.12495273E-02   1.23768980E-02
  0.151100740       3.66670117E-02   5.92218991E-03   1.94773218E-03   1.63583958E-03   1.97551539E-03   2.51781032E-03   3.17786518E-03   3.93625768E-03   4.78757219E-03   5.72956353E-03   6.76052272E-03   7.87859689E-03   9.08163935E-03   1.03672147E-02   1.17326481E-02   1.31750843E-02   1.46915447E-02   1.62789803E-02   1.79343093E-02   1.96544640E-02
  0.184342608       4.08833809E-02   6.74164854E-03   2.62597785E-03   2.52730609E-03   3.17701185E-03   4.09136433E-03   5.17810928E-03   6.41420390E-03   7.79081555E-03   9.30199400E-03   1.09420782E-02   1.27051491E-02   1.45849958E-02   1.65752079E-02   1.86692961E-02   2.08607893E-02   2.31433231E-02   2.55107004E-02   2.79569384E-02   3.04763094E-02
  0.212925032       4.22245115E-02   7.33876461E-03   3.60197201E-03   3.95547366E-03   5.13167493E-03   6.64871046E-03   8.41046777E-03   1.03874300E-02   1.25631578E-02   1.49237458E-02   1.74556822E-02   2.01455671E-02   2.29802206E-02   2.59468611E-02   2.90332418E-02   3.22277434E-02   3.55194360E-02   3.88981067E-02   4.23542485E-02   4.58790809E-02
  0.231743693       4.03876379E-02   7.85831269E-03   5.11818938E-03   6.26293570E-03   8.28642026E-03   1.07406033E-02   1.35247260E-02   1.65965296E-02   1.99253745E-02   2.34836675E-02   2.72454247E-02   3.11862156E-02   3.52832973E-02   3.95157188E-02   4.38643247E-02   4.83117215E-02   5.28421924E-02   5.74415997E-02   6.20972626E-02   6.67978302E-02
  0.235769138       3.59475054E-02   8.65010545E-03   7.57148163E-03   9.96561721E-03   1.32812560E-02   1.71204526E-02   2.13709213E-02   2.59686653E-02   3.08614317E-02   3.60026322E-02   4.13503908E-02   4.68673594E-02   5.25204912E-02   5.82807846E-02   6.41228929E-02   7.00247809E-02   7.59673491E-02   8.19340944E-02   8.79107788E-02   9.38851610E-02
  0.221658990       3.02500166E-02   1.02660675E-02   1.15454653E-02   1.57802273E-02   2.09571831E-02   2.67255697E-02   3.29511352E-02   3.95401232E-02   4.64140996E-02   5.35057746E-02   6.07577562E-02   6.81215152E-02   7.55563006E-02   8.30281228E-02   9.05087069E-02   9.79746953E-02  0.105406821      0.112789296      0.120109215      0.127356142    
  0.190074503       2.50120759E-02   1.34298056E-02   1.78191327E-02   2.46126372E-02   3.23106088E-02   4.05958332E-02   4.93057966E-02   5.83161078E-02   6.75249994E-02   7.68495500E-02   8.62230435E-02   9.55923498E-02  0.104915537      0.114159778      0.123299636      0.132315606      0.141192928      0.149920687      0.158491030      0.166898578    
  0.147277281       2.18485985E-02   1.89938881E-02   2.73337010E-02   3.74874510E-02   4.83829044E-02   5.97306974E-02   7.13483319E-02   8.30931813E-02   9.48536992E-02  0.106544711      0.118102558      0.129480645      0.140645638      0.151574388      0.162251532      0.172667623      0.182817742      0.192700312      0.202316329      0.211668655    
  0.103554882       2.19760053E-02   2.78855655E-02   4.11040783E-02   5.54158799E-02   7.00976625E-02   8.49112421E-02   9.96854305E-02  0.114287950      0.128622070      0.142620966      0.156241119      0.169456407      0.182253480      0.194628060      0.206582338      0.218123004      0.229259774      0.240004361      0.250369728      0.260369599    
   6.83615804E-02   2.61804238E-02   4.10277620E-02   6.00774921E-02   7.92233348E-02   9.80813056E-02  0.116530903      0.134468734      0.151815966      0.168523222      0.184566677      0.199941635      0.214656711      0.228729263      0.242182121      0.255041212      0.267334044      0.279088438      0.290332079      0.301091820      0.311393499    
   4.62569967E-02   3.49481627E-02   5.92264757E-02   8.49640816E-02  0.109377049      0.132512257      0.154477790      0.175314888      0.195049688      0.213715389      0.231355444      0.248020858      0.263766706      0.278649271      0.292724013      0.306044459      0.318661302      0.330622137      0.341971308      0.352749944      0.362996101    
   3.69519703E-02   4.85973544E-02   8.30371156E-02  0.116079777      0.145857081      0.173035756      0.198096216      0.221310794      0.242862597      0.262899101      0.281550646      0.298935890      0.315163553      0.330332875      0.344534099      0.357848912      0.370351106      0.382107347      0.393177658      0.403616250      0.413471997    
   3.79566513E-02   6.73232079E-02  0.112643301      0.153242096      0.188102126      0.218763188      0.246233732      0.271100283      0.293746889      0.314458400      0.333463490      0.350953668      0.367092729      0.382022262      0.395865411      0.408729762      0.420709550      0.431887716      0.442337424      0.452123314      0.461302787    
   4.68215607E-02   9.11683291E-02  0.147786230      0.195745721      0.235041633      0.268353611      0.297360927      0.323031187      0.345978498      0.366635948      0.385332584      0.402330458      0.417844117      0.432052463      0.445106387      0.457134426      0.468246728      0.478538275      0.488091558      0.496978313      0.505261421    
   6.19546175E-02  0.119975194      0.187768802      0.242424399      0.285206407      0.320159197      0.349738449      0.375332862      0.397797048      0.417709976      0.435493708      0.451471686      0.465900332      0.478987426      0.490904152      0.501793325      0.511775255      0.520951986      0.529411018      0.537227452      0.544466436    
   8.25278535E-02  0.153366894      0.231535763      0.291785598      0.336894572      0.372405678      0.401599407      0.426292658      0.447571248      0.466145366      0.482515007      0.497051299      0.510040343      0.521708488      0.532238603      0.541780531      0.550458610      0.558376968      0.565623641      0.572273672      0.578391373    
  0.108122990      0.190769032      0.277809411      0.342189729      0.388361365      0.423375428      0.451317370      0.474404663      0.493926793      0.510701120      0.525285363      0.538081884      0.549393058      0.559453309      0.568448424      0.576528311      0.583815634      0.590411961      0.596402287      0.601858318      0.606840849    
  0.138428941      0.231460527      0.325247973      0.392038137      0.437999368      0.471565813      0.497538209      0.518474817      0.535826981      0.550488949      0.563053608      0.573937476      0.583446622      0.591813326      0.599218607      0.605806530      0.611693263      0.616974056      0.621727765      0.626020253      0.629907191    
  0.173061728      0.274632961      0.372592032      0.439936101      0.484482616      0.515803099      0.539263368      0.557677031      0.572605789      0.584987283      0.595427036      0.604340076      0.612024546      0.618702292      0.624543428      0.629681230      0.634221911      0.638251603      0.641840816      0.645048022      0.647922099    
  0.211487234      0.319443345      0.418773562      0.484806567      0.526857615      0.555304289      0.575884640      0.591565430      0.603961945      0.614021838      0.622342288      0.629322827      0.635244250      0.640311718      0.644679666      0.648467183      0.651768148      0.654657602      0.657196403      0.659434497      0.661413312    
  0.253014922      0.365055203      0.462975621      0.525944531      0.564577699      0.589689493      0.607177615      0.620053232      0.629927993      0.637727618      0.644022286      0.649184763      0.653471291      0.657065153      0.660102010      0.662684798      0.664893210      0.666790307      0.668426514      0.669842660      0.671072364    
  0.296837300      0.410671055      0.504646063      0.563015699      0.597487807      0.618954659      0.633265674      0.643371284      0.650825500      0.656503558      0.660932422      0.664448738      0.667278528      0.669580162      0.671468079      0.673027575      0.674323559      0.675406218      0.676315248      0.677082241      0.677732587    
  0.342095613      0.455562174      0.543477952      0.596014261      0.625773787      0.643418610      0.654568136      0.662018716      0.667219639      0.670970559      0.673741937      0.675826728      0.677416384      0.678641438      0.679593921      0.680340290      0.680930018      0.681400359      0.681779683      0.682090282      0.682349265    
  0.387953877      0.499100387      0.579373240      0.625198007      0.649893105      0.663658798      0.671742797      0.676713526      0.679876566      0.681935906      0.683294117      0.684194028      0.684789002      0.685179532      0.685433626      0.685598314      0.685706913      0.685783148      0.685844302      0.685902655      0.685967386    
  0.433664501      0.540790796      0.612404764      0.651018977      0.670502543      0.680445731      0.685631216      0.688346624      0.689725757      0.690360665      0.690577090      0.690562367      0.690428197      0.690242946      0.690049171      0.689873517      0.689732552      0.689636171      0.689589918      0.689596474      0.689656496    
  0.478611797      0.580300152      0.642784119      0.674062371      0.688392460      0.694683850      0.697206378      0.697937012      0.697818875      0.697320938      0.696684778      0.696037531      0.695446193      0.694945037      0.694549918      0.694266140      0.694093049      0.694026470      0.694060445      0.694187939      0.694401681    
  0.522327125      0.617471755      0.670836568      0.694997311      0.704431415      0.707355797      0.707519233      0.706577420      0.705273569      0.703946292      0.702748060      0.701742470      0.700949550      0.700368166      0.699986756      0.699789286      0.699757993      0.699875355      0.700124383      0.700489461      0.700956166    
  0.564475358      0.652318120      0.696975768      0.714535058      0.719513476      0.719462574      0.717630863      0.715357721      0.713185489      0.711320281      0.709823489      0.708694100      0.707905054      0.707420230      0.707201719      0.707213521      0.707422674      0.707799852      0.708319306      0.708958387      0.709697664    
  0.604821324      0.684985042      0.721667171      0.733380973      0.734495819      0.731945395      0.728517234      0.725252450      0.722500384      0.720338404      0.718739927      0.717642426      0.716975033      0.716670215      0.716667414      0.716914177      0.717365801      0.717984498      0.718738616      0.719601512      0.720551014    
  0.643184602      0.715685904      0.745366573      0.752164483      0.750110865      0.745575964      0.740939498      0.736974955      0.733856499      0.731545448      0.729937196      0.728916168      0.728375554      0.728223264      0.728382289      0.728789032      0.729391813      0.730148375      0.731024504      0.731992424      0.733029723    
  0.679395497      0.744613111      0.768430173      0.771338522      0.766847432      0.760821402      0.755298197      0.750828922      0.747443378      0.745009243      0.743361115      0.742344558      0.741827846      0.741703391      0.741884708      0.742303133      0.742904067      0.743644357      0.744489968      0.745413721      0.746394277    
  0.713258862      0.771842778      0.791005671      0.791060567      0.784825087      0.777720153      0.771522284      0.766621232      0.762945771      0.760300815      0.758482754      0.757314205      0.756650448      0.756376743      0.756403387      0.756660283      0.757093132      0.757659435      0.758326232      0.759067655      0.759863555    
  0.744534075      0.797261953      0.812943518      0.811103702      0.803719759      0.795836806      0.789063454      0.783701301      0.779628456      0.776621044      0.774459422      0.772957921      0.771967888      0.771373212      0.771083951      0.771030724      0.771159649      0.771429241      0.771807075      0.772267818      0.772791743    
  0.772935092      0.820554912      0.833784342      0.830863535      0.822807789      0.814353347      0.807035923      0.801142275      0.796548903      0.793033123      0.790377259      0.788397253      0.786946118      0.785908759      0.785195768      0.784737945      0.784481585      0.784384668      0.784414351      0.784544826      0.784755588    
  0.798158586      0.841275811      0.852866173      0.849504352      0.841152966      0.832291603      0.824461520      0.817995846      0.812808275      0.808699906      0.805467129      0.802933693      0.800956488      0.799422026      0.798241198      0.797344089      0.796675861      0.796193242      0.795861781      0.795654237      0.795548618    
  0.819942474      0.858999848      0.869535267      0.866207123      0.857871056      0.848774970      0.840513766      0.833507121      0.827732146      0.823028624      0.819214702      0.816125691      0.813623905      0.811597824      0.809958220      0.808634222      0.807569265      0.806718171      0.806044638      0.805519402      0.805118740    
  0.838147461      0.873494208      0.883369029      0.880408704      0.872352242      0.863215029      0.854660809      0.847214401      0.840930343      0.835696280      0.831357598      0.827764213      0.824785531      0.822312832      0.820257485      0.818547666      0.817125499      0.815943956      0.814964831      0.814157128      0.813495159    
  0.852831244      0.884820998      0.894297779      0.891919553      0.884352446      0.875365913      0.866683483      0.858936131      0.852260649      0.846597254      0.841822326      0.837803185      0.834418178      0.831562996      0.829150498      0.827108920      0.825379431      0.823913813      0.822672427      0.821622550      0.820737302    
  0.864273548      0.893321633      0.902577698      0.900890887      0.893949866      0.885268986      0.876610339      0.868700683      0.861756742      0.855772376      0.850656867      0.846296728      0.842581213      0.839411676      0.836703718      0.834386468      0.832400978      0.830698371      0.829238057      0.827986360      0.826915085    
  0.872930229      0.899505913      0.908660471      0.907687426      0.901429832      0.893150866      0.884628475      0.876669288      0.869562685      0.863353670      0.857984364      0.853361368      0.849385619      0.845965207      0.843019247      0.840478599      0.838284850      0.836389005      0.834749997      0.833333373      0.832110345    
  0.879339457      0.903918326      0.913047493      0.912748516      0.907164097      0.899324417      0.891004324      0.883073509      0.875883698      0.869526386      0.863974512      0.859154105      0.854978025      0.851361454      0.848227441      0.845509052      0.843148768      0.841098011      0.839315534      0.837766528      0.836421549    
  0.884026885      0.907042146      0.916189969      0.916490376      0.911524653      0.904116511      0.896025836      0.888169050      0.880949914      0.874500096      0.868820190      0.863854110      0.859526157      0.855758190      0.852477491      0.849619389      0.847127736      0.844954312      0.843057990      0.841403842      0.839962184    
  0.887443900      0.909258723      0.918447256      0.919259727      0.914836824      0.907825828      0.899964690      0.892203927      0.884988785      0.878484905      0.872716904      0.867644489      0.863202214      0.859318316      0.855924070      0.852957010      0.850362360      0.848092437      0.846106470      0.844369471      0.842851520    
  0.889945626      0.910847187      0.920084476      0.921323657      0.917363405      0.910703480      0.903057039      0.895398617      0.888206422      0.881673992      0.875846207      0.870696545      0.866168439      0.862195969      0.858713984      0.855662107      0.852986813      0.850641191      0.848584771      0.846782625      0.845204711    
  0.891795635      0.912002563      0.921288967      0.922879100      0.919306815      0.912949800      0.905496538      0.897937953      0.890778244      0.884233534      0.878365695      0.873159885      0.868567288      0.864527047      0.860976994      0.857858956      0.855120480      0.852715373      0.850603461      0.848749876      0.847124696    
  0.893182456      0.912858069      0.922189951      0.924067318      0.920817971      0.914719284      0.907436013      0.899970472      0.892846942      0.886300087      0.880405784      0.875159085      0.870517731      0.866425157      0.862822175      0.859652221      0.856863976      0.854411840      0.852255940      0.850361586      0.848698914    
  0.894238770      0.913503647      0.922876000      0.924988627      0.922007918      0.916128337      0.908993065      0.901611984      0.894525111      0.887982190      0.882070720      0.876793981      0.872115493      0.867982388      0.864337742      0.861126721      0.858298898      0.855809271      0.853618264      0.851691425      0.849998713    
