          51          21   2.0000000000000000     
   1.0000000000000000E-003   1.2589254117941675E-003   1.5848931924611141E-003   1.9952623149688789E-003   2.5118864315095794E-003   3.1622776601683794E-003   3.9810717055349734E-003   5.0118723362727246E-003   6.3095734448019303E-003   7.9432823472428138E-003   1.0000000000000000E-002   1.2589254117941675E-002   1.5848931924611141E-002   1.9952623149688799E-002   2.5118864315095808E-002   3.1622776601683791E-002   3.9810717055349734E-002   5.0118723362727248E-002   6.3095734448019331E-002   7.9432823472428180E-002  0.10000000000000001       0.12589254117941676       0.15848931924611143       0.19952623149688808       0.25118864315095824       0.31622776601683794       0.39810717055349731       0.50118723362727247       0.63095734448019358       0.79432823472428216        1.0000000000000000        1.2589254117941675        1.5848931924611140        1.9952623149688808        2.5118864315095824        3.1622776601683795        3.9810717055349731        5.0118723362727247        6.3095734448019360        7.9432823472428211        10.000000000000000        12.589254117941687        15.848931924611142        19.952623149688787        25.118864315095820        31.622776601683793        39.810717055349777        50.118723362727252        63.095734448019428        79.432823472428211        100.00000000000000     
   200.00000000000000        290.00000000000000        380.00000000000000        470.00000000000000        560.00000000000000        650.00000000000000        740.00000000000000        830.00000000000000        920.00000000000000        1010.0000000000000        1100.0000000000000        1190.0000000000000        1280.0000000000000        1370.0000000000000        1460.0000000000000        1550.0000000000000        1640.0000000000000        1730.0000000000000        1820.0000000000000        1910.0000000000000        2000.0000000000000     
   5.74478687E-10   2.10549489E-09   9.76799441E-09   3.47537288E-08   9.55543058E-08   2.18062013E-07   4.34704788E-07   7.82688971E-07   1.30169042E-06   2.03142736E-06   3.00947454E-06   4.26953284E-06   5.84023564E-06   7.74447471E-06   9.99916483E-06   1.26153664E-05   1.55986509E-05   1.89496295E-05   2.26645770E-05   2.67360811E-05   3.11536896E-05
   1.13371590E-09   4.15495860E-09   1.92721625E-08   6.85354067E-08   1.88257900E-07   4.28951807E-07   8.53197150E-07   1.53168196E-06   2.53823237E-06   3.94480867E-06   5.81722497E-06   8.21200229E-06   1.11744403E-05   1.47377978E-05   1.89233597E-05   2.37411496E-05   2.91910565E-05   3.52641910E-05   4.19443168E-05   4.92092695E-05   5.70322809E-05
   2.25089858E-09   8.24856894E-09   3.82446750E-08   1.35876917E-07   3.72566404E-07   8.46468026E-07   1.67687631E-06   2.99497810E-06   4.93308198E-06   7.61456204E-06   1.11460295E-05   1.56123333E-05   2.10742910E-05   2.75686380E-05   3.51095841E-05   4.36913688E-05   5.32913073E-05   6.38730126E-05   7.53894565E-05   8.77857965E-05   1.01001875E-04
   4.48209736E-09   1.64219038E-08   7.60822090E-08   2.69822607E-07   7.37399432E-07   1.66689154E-06   3.27971634E-06   5.80912274E-06   9.47776698E-06   1.44791647E-05   2.09654791E-05   2.90418648E-05   3.87662585E-05   5.01530012E-05   6.31787261E-05   7.77892274E-05   9.39064557E-05   1.11434987E-04   1.30267799E-04   1.50291075E-04   1.71388136E-04
   8.93625973E-09   3.27296164E-08   1.51412948E-07   5.35205231E-07   1.45423996E-06   3.25984092E-06   6.34571552E-06   1.11006784E-05   1.78663795E-05   2.69084539E-05   3.84030573E-05   5.24363786E-05   6.90130255E-05   8.80692751E-05   1.09488064E-04   1.33113543E-04   1.58764233E-04   1.86243895E-04   2.15350388E-04   2.45882402E-04   2.77644373E-04
   1.78253021E-08   6.52409184E-08   3.00986756E-07   1.05770812E-06   2.84679959E-06   6.29978467E-06   1.20755931E-05   2.07672656E-05   3.28346578E-05   4.85721648E-05   6.81069432E-05   9.14174379E-05   1.18362048E-04   1.48710475E-04   1.82173026E-04   2.18425572E-04   2.57129432E-04   2.97946302E-04   3.40548926E-04   3.84628074E-04   4.29897103E-04
   3.55614453E-08   1.29983817E-07   5.96691393E-07   2.07649350E-06   5.50821233E-06   1.19690549E-05   2.24772120E-05   3.78346413E-05   5.85466441E-05   8.48128911E-05   1.16565439E-04   1.53528512E-04   1.95281988E-04   2.41318208E-04   2.91088043E-04   3.44035216E-04   3.99620447E-04   4.57336893E-04   5.16719301E-04   5.77348168E-04   6.38850848E-04
   7.09451413E-08   2.58680672E-07   1.17724380E-06   4.03481636E-06   1.04845576E-05   2.22443869E-05   4.07329098E-05   6.68590365E-05   1.00979349E-04   1.42968391E-04   1.92338935E-04   2.48367985E-04   3.10205243E-04   3.76956159E-04   4.47740167E-04   5.21727779E-04   5.98161831E-04   6.76367199E-04   7.55752844E-04   8.35809100E-04   9.16102261E-04
   1.41524779E-07   5.13733426E-07   2.30500791E-06   7.72649037E-06   1.95392404E-05   4.02628029E-05   7.16132490E-05   1.14323760E-04   1.68249506E-04   2.32600505E-04   3.06189177E-04   3.87637439E-04   4.75527020E-04   5.68497460E-04   6.65302388E-04   7.64836615E-04   8.66143906E-04   9.68412613E-04   1.07096473E-03   1.17324200E-03   1.27479096E-03
   2.82275039E-07   1.01673493E-06   4.46305694E-06   1.45160311E-05   3.55011070E-05   7.07433064E-05   1.21893623E-04   1.88986523E-04   2.70861667E-04   3.65648622E-04   4.71167528E-04   5.85207134E-04   7.05693208E-04   8.30775418E-04   9.58859688E-04   1.08860841E-03   1.21892220E-03   1.34891341E-03   1.47787761E-03   1.60526461E-03   1.73065357E-03
   5.62843354E-07   2.00145928E-06   8.51217919E-06   2.66456336E-05   6.26854744E-05   1.20433680E-04   2.00748182E-04   3.02186789E-04   4.21941688E-04   5.56632935E-04   7.02843652E-04   8.57424049E-04   1.01763185E-03   1.18117058E-03   1.34617172E-03   1.51114992E-03   1.67494873E-03   1.83668581E-03   1.99570321E-03   2.15152372E-03   2.30381382E-03
   1.12173916E-06   3.90982677E-06   1.59320189E-05   4.76377718E-05   1.07377884E-04   1.98580135E-04   3.20162770E-04   4.68222192E-04   6.37636404E-04   8.23148934E-04   1.01995969E-03   1.22397474E-03   1.43185549E-03   1.64096733E-03   1.84928579E-03   2.05529272E-03   2.25787843E-03   2.45625642E-03   2.64989212E-03   2.83844466E-03   3.02172150E-03
   2.23389361E-06   7.56184363E-06   2.91794022E-05   8.28141856E-05   1.78412447E-04   3.17507191E-04   4.95540153E-04   7.05056707E-04   9.38015524E-04   1.18704024E-03   1.44592684E-03   1.70973316E-03   1.97466975E-03   2.23791995E-03   2.49744998E-03   2.75183725E-03   3.00012785E-03   3.24172084E-03   3.47627793E-03   3.70365358E-03   3.92384175E-03
   4.44367925E-06   1.44533506E-05   5.22244409E-05   1.40009040E-04   2.87990610E-04   4.93563886E-04   7.46871228E-04   1.03583152E-03   1.34901551E-03   1.67683361E-03   2.01177760E-03   2.34823511E-03   2.68216012E-03   3.01073445E-03   3.33207054E-03   3.64497094E-03   3.94874113E-03   4.24304791E-03   4.52781469E-03   4.80314065E-03   5.06924745E-03
   8.82593667E-06   2.72814741E-05   9.13996337E-05   2.30693506E-04   4.53098532E-04   7.48952734E-04   1.10112294E-03   1.49193045E-03   1.90625130E-03   2.33232463E-03   2.76152557E-03   3.18779750E-03   3.60705261E-03   4.01665550E-03   4.41501569E-03   4.80128033E-03   5.17510856E-03   5.53650875E-03   5.88572165E-03   6.22313889E-03   6.54924288E-03
   1.74967336E-05   5.08932462E-05   1.56861803E-04   3.71990027E-04   6.98218704E-04   1.11533469E-03   1.59689691E-03   2.11878307E-03   2.66200048E-03   3.21274484E-03   3.76150524E-03   4.30202018E-03   4.83037205E-03   5.34428284E-03   5.84259862E-03   6.32492173E-03   6.79135136E-03   7.24230567E-03   7.67839840E-03   8.10035598E-03   8.50896072E-03
   3.46098859E-05   9.40432001E-05   2.65276729E-04   5.90484473E-04   1.06054253E-03   1.64067675E-03   2.29305169E-03   2.98632542E-03   3.69752035E-03   4.41094302E-03   5.11642871E-03   5.80774061E-03   6.48133084E-03   7.13544432E-03   7.76949944E-03   8.38366151E-03   8.97856057E-03   9.55509767E-03   1.01143243E-02   1.06573552E-02   1.11853192E-02
   6.82919854E-05   1.72698739E-04   4.44864709E-04   9.29426111E-04   1.59970263E-03   2.40176124E-03   3.28411721E-03   4.20738524E-03   5.14446106E-03   6.07789168E-03   6.99707214E-03   7.89601263E-03   8.77173338E-03   9.62318107E-03   1.04504945E-02   1.12545369E-02   1.20365815E-02   1.27981175E-02   1.35407243E-02   1.42659917E-02   1.49754742E-02
   1.34367045E-04   3.16240592E-04   7.44794088E-04   1.46198692E-03   2.41537741E-03   3.52642150E-03   4.72734496E-03   5.96971111E-03   7.22205685E-03   8.46526679E-03   9.68851428E-03   1.08863050E-02   1.20564811E-02   1.31989205E-02   1.43147046E-02   1.54055916E-02   1.64736882E-02   1.75212491E-02   1.85505450E-02   1.95637960E-02   2.05631349E-02
   2.63425551E-04   5.78893814E-04   1.25223550E-03   2.31497292E-03   3.67833884E-03   5.23238350E-03   6.88974140E-03   8.59162956E-03   1.03019122E-02   1.19999433E-02   1.36749903E-02   1.53224440E-02   1.69413686E-02   1.85329784E-02   2.00996790E-02   2.16444973E-02   2.31707264E-02   2.46817209E-02   2.61807740E-02   2.76710503E-02   2.91555580E-02
   5.13991807E-04   1.06029783E-03   2.12248391E-03   3.71018006E-03   5.68419229E-03   7.89431296E-03   1.02293557E-02   1.26186172E-02   1.50210438E-02   1.74148288E-02   1.97899826E-02   2.21435297E-02   2.44765412E-02   2.67923381E-02   2.90954057E-02   3.13907638E-02   3.36835906E-02   3.59790102E-02   3.82819772E-02   4.05972190E-02   4.29292098E-02
   9.96535178E-04   1.94174598E-03   3.63114430E-03   6.03545690E-03   8.94546788E-03   1.21588567E-02   1.55352959E-02   1.89905521E-02   2.24788859E-02   2.59784088E-02   2.94812955E-02   3.29877473E-02   3.65023911E-02   4.00321409E-02   4.35849950E-02   4.71693054E-02   5.07933870E-02   5.44652939E-02   5.81927150E-02   6.19829036E-02   6.58426806E-02
   1.91626314E-03   3.54924123E-03   6.26398623E-03   9.96640790E-03   1.43490098E-02   1.91413164E-02   2.41675638E-02   2.93290224E-02   3.45767923E-02   3.98914590E-02   4.52702306E-02   5.07193282E-02   5.62495738E-02   6.18738718E-02   6.76057786E-02   7.34586865E-02   7.94454142E-02   8.55778977E-02   9.18671116E-02   9.83229727E-02  0.104954325    
   3.64716374E-03   6.46197656E-03   1.08709298E-02   1.66735016E-02   2.34217383E-02   3.07553913E-02   3.84565815E-02   4.64128517E-02   5.45758791E-02   6.29331693E-02   7.14910924E-02   8.02651420E-02   8.92745033E-02   9.85389501E-02  0.108077161      0.117905706      0.128038526      0.138486609      0.149257824      0.160356864      0.171785221    
   6.85452018E-03   1.16935056E-02   1.89218707E-02   2.81597804E-02   3.87536399E-02   5.02242856E-02   6.23049662E-02   7.48716295E-02   8.78802314E-02  0.101327062      0.115226097      0.129596472      0.144455686      0.159815893      0.175681889      0.192050308      0.208909124      0.226237908      0.244008049      0.262183487      0.280721366    
   1.26852002E-02   2.09755190E-02   3.28957103E-02   4.77454774E-02   6.45608306E-02   8.27019960E-02  0.101840682      0.121833026      0.142624170      0.164192915      0.186522335      0.209585056      0.233336434      0.257712483      0.282630235      0.307989985      0.333678365      0.359572262      0.385542631      0.411458850      0.437192202    
   2.30398159E-02   3.71508263E-02   5.67550026E-02   8.05409625E-02  0.107062861      0.135450572      0.165266320      0.196280852      0.228334740      0.261269957      0.294902056      0.329013765      0.363360375      0.397680104      0.431706965      0.465183318      0.497870892      0.529559314      0.560071886      0.589268446      0.617045760    
   4.09128256E-02   6.45646080E-02   9.61523578E-02  0.133189172      0.173504069      0.215881839      0.259636909      0.304263383      0.349277020      0.394171953      0.438430965      0.481555611      0.523098171      0.562686443      0.600038230      0.634964943      0.667366624      0.697221041      0.724569678      0.749502838      0.772145212    
   7.06700906E-02  0.108938873      0.157227993      0.211119801      0.267619103      0.325104058      0.382472694      0.438755780      0.493049443      0.544562817      0.592678845      0.636988223      0.677290440      0.713567972      0.745947123      0.774654984      0.799980044      0.822240233      0.841759264      0.858850479      0.873806775    
  0.117747411      0.175324872      0.242065758      0.311872780      0.381645441      0.449623168      0.514384568      0.574724376      0.629765391      0.679033041      0.722439647      0.760205448      0.792755663      0.820625782      0.844387650      0.864599943      0.881779015      0.896385372      0.908819318      0.919423461      0.928487420    
  0.186431795      0.262457758      0.341609597      0.419501841      0.494273245      0.564265013      0.627980113      0.684446931      0.733357370      0.774973512      0.809933126      0.839056969      0.863205433      0.883190811      0.899734318      0.913452208      0.924858093      0.934373796      0.942342281      0.949041307      0.954695106    
  0.274210483      0.356644839      0.435539693      0.511801720      0.584045708      0.650007367      0.708027661      0.757510662      0.798766375      0.832651079      0.860241711      0.882621050      0.900766492      0.915508389      0.927527487      0.937370539      0.945471406      0.952172577      0.957743824      0.962397873      0.966302812    
  0.365974009      0.436618954      0.506078124      0.576399803      0.643717051      0.704370677      0.756475985      0.799774468      0.835010171      0.863357425      0.886055648      0.904228091      0.918818295      0.930586457      0.940131605      0.947920203      0.954313815      0.959592819      0.963974893      0.967629969      0.970691264    
  0.439773679      0.489757180      0.549638629      0.614935815      0.678166747      0.734544277      0.782189846      0.821164191      0.852479935      0.877442896      0.897312105      0.913166881      0.925879776      0.936135590      0.944463849      0.951271355      0.956870973      0.961503506      0.965355515      0.968572378      0.971267939    
  0.484278291      0.518379092      0.572621167      0.634769201      0.695038497      0.748293221      0.792885840      0.829128861      0.858157992      0.881290197      0.899735451      0.914502263      0.926392794      0.936030447      0.943894744      0.950353742      0.955690265      0.960122705      0.963820636      0.966916680      0.969515145    
  0.504552007      0.531234264      0.582572758      0.642335474      0.700117290      0.750975668      0.793517053      0.828165114      0.856042922      0.878394663      0.896343589      0.910820007      0.922563136      0.932149410      0.940024137      0.946531236      0.951936841      0.956447721      0.960225821      0.963398457      0.966066599    
  0.511462092      0.535678983      0.584721625      0.641906738      0.697222412      0.746085346      0.787233889      0.821046472      0.848525226      0.870785534      0.888842642      0.903546572      0.915580988      0.925484955      0.933680117      0.940495729      0.946189344      0.950963199      0.954976976      0.958357573      0.961206436    
  0.513028145      0.536127508      0.582372189      0.636463583      0.689176619      0.736238003      0.776371181      0.809791505      0.837311447      0.859885037      0.878408551      0.893650770      0.906242907      0.916692138      0.925401628      0.932690859      0.938813090      0.943969548      0.948320866      0.951995969      0.955098867    
  0.513354480      0.535084307      0.577844262      0.628387570      0.678339899      0.723637223      0.762888908      0.796087027      0.823824048      0.846879303      0.866024435      0.881945431      0.895221293      0.906327903      0.915650964      0.923501253      0.930128634      0.935734451      0.940481126      0.944500506      0.947899818    
  0.514191389      0.534020603      0.572836220      0.619563580      0.666621268      0.710081816      0.748403788      0.781344354      0.809274793      0.832799733      0.852565348      0.869173169      0.883147597      0.894931138      0.904889941      0.913324535      0.920480251      0.926557541      0.931720078      0.936101913      0.939813554    
  0.516104341      0.533686876      0.568400502      0.611234725      0.655320466      0.696834505      0.734090626      0.766629994      0.794618309      0.818494558      0.838783145      0.856000364      0.870613873      0.883029640      0.893591404      0.902586579      0.910253763      0.916790485      0.922360122      0.927098036      0.931116760    
  0.519020200      0.534244597      0.564948201      0.603981078      0.645110548      0.684609652      0.720672071      0.752653360      0.780537724      0.804613650      0.825290620      0.843002200      0.858158827      0.871127844      0.882228136      0.891731620      0.899867773      0.906829238      0.912777543      0.917847931      0.922153890    
  0.522544742      0.535474002      0.562441170      0.597910583      0.636214375      0.673720479      0.708529651      0.739844143      0.767493367      0.791633129      0.812568903      0.830657005      0.846252561      0.859684587      0.871246099      0.881192088      0.889741361      0.897080362      0.903367281      0.908736169      0.913300455    
  0.526217937      0.537030280      0.560655951      0.592912674      0.628625929      0.664256155      0.697834969      0.728441060      0.755774915      0.779879332      0.800968826      0.819330394      0.835268319      0.849075437      0.861019611      0.871338785      0.880240560      0.887904525      0.894484639      0.900112867      0.904901981    
  0.529681385      0.538623512      0.559365511      0.588825047      0.622251034      0.656190991      0.688626766      0.718539476      0.745524943      0.769531965      0.790698051      0.809250176      0.825447857      0.839551270      0.851804972      0.862430811      0.871625662      0.879561722      0.886388779      0.892236233      0.897215605    
  0.532734454      0.540081143      0.558405340      0.585496962      0.616962075      0.649428904      0.680844843      0.710115433      0.736752927      0.760629833      0.781819701      0.800499201      0.816889465      0.831222057      0.843721151      0.854593933      0.864027143      0.872186303      0.879216731      0.885245264      0.890381992    
  0.535311460      0.541332662      0.557671189      0.582797408      0.612615585      0.643827319      0.674357772      0.703054488      0.729364157      0.753098071      0.774277806      0.793038368      0.809568584      0.824075878      0.836766660      0.847835243      0.857459486      0.865798593      0.872993946      0.879169583      0.884434342    
  0.537431538      0.542370558      0.557098806      0.580612600      0.609063864      0.639220595      0.668994486      0.697189510      0.723200977      0.746791482      0.767940640      0.786749303      0.803379655      0.818018794      0.830857933      0.842080474      0.851856351      0.860339344      0.867666960      0.873960972      0.879328728    
  0.539153457      0.543217242      0.556646407      0.578843594      0.606166184      0.635441542      0.664574444      0.692336142      0.718081892      0.741535544      0.762642920      0.781477034      0.798178017      0.812916100      0.825869679      0.837212801      0.847108603      0.855706096      0.863139451      0.869528294      0.874978602    
  0.540546477      0.543904483      0.556285262      0.577406883      0.603797376      0.632336974      0.660928190      0.688317657      0.713829339      0.737156034      0.758216441      0.777060807      0.793810964      0.808623195      0.821665108      0.833102822      0.843093574      0.851782262      0.859300196      0.865765035      0.871281445    
  0.541675985      0.544463336      0.555994391      0.576233625      0.601851463      0.629775226      0.657908022      0.684978008      0.710284472      0.733495474      0.754507482      0.773352027      0.790136039      0.805003881      0.818114221      0.829626441      0.839692712      0.848454416      0.856040239      0.862566173      0.868135810    
