          51          21   2.0000000000000000     
   1.0000000000000000E-003   1.2589254117941675E-003   1.5848931924611141E-003   1.9952623149688789E-003   2.5118864315095794E-003   3.1622776601683794E-003   3.9810717055349734E-003   5.0118723362727246E-003   6.3095734448019303E-003   7.9432823472428138E-003   1.0000000000000000E-002   1.2589254117941675E-002   1.5848931924611141E-002   1.9952623149688799E-002   2.5118864315095808E-002   3.1622776601683791E-002   3.9810717055349734E-002   5.0118723362727248E-002   6.3095734448019331E-002   7.9432823472428180E-002  0.10000000000000001       0.12589254117941676       0.15848931924611143       0.19952623149688808       0.25118864315095824       0.31622776601683794       0.39810717055349731       0.50118723362727247       0.63095734448019358       0.79432823472428216        1.0000000000000000        1.2589254117941675        1.5848931924611140        1.9952623149688808        2.5118864315095824        3.1622776601683795        3.9810717055349731        5.0118723362727247        6.3095734448019360        7.9432823472428211        10.000000000000000        12.589254117941687        15.848931924611142        19.952623149688787        25.118864315095820        31.622776601683793        39.810717055349777        50.118723362727252        63.095734448019428        79.432823472428211        100.00000000000000     
   200.00000000000000        290.00000000000000        380.00000000000000        470.00000000000000        560.00000000000000        650.00000000000000        740.00000000000000        830.00000000000000        920.00000000000000        1010.0000000000000        1100.0000000000000        1190.0000000000000        1280.0000000000000        1370.0000000000000        1460.0000000000000        1550.0000000000000        1640.0000000000000        1730.0000000000000        1820.0000000000000        1910.0000000000000        2000.0000000000000     
   2.57396620E-17   2.11099073E-17   1.01462818E-17   5.36102869E-18   3.28192263E-18   2.24022099E-18   1.65302626E-18   1.29217078E-18   1.05588116E-18   8.93619553E-19   7.78077724E-19   6.93479895E-19   6.30209625E-19   5.82141384E-19   5.45226898E-19   5.16706073E-19   4.94645993E-19   4.77660666E-19   4.64736073E-19   4.55116531E-19   4.48229839E-19
   5.19251909E-17   4.25872350E-17   2.04732843E-17   1.08228138E-17   6.63179442E-18   4.53385966E-18   3.35297641E-18   2.62873160E-18   2.15574352E-18   1.83203528E-18   1.60252058E-18   1.43539359E-18   1.31128031E-18   1.21784985E-18   1.14696109E-18   1.09306934E-18   1.05229554E-18   1.02186222E-18   9.99739898E-19   9.84418134E-19   9.74755321E-19
   1.04118501E-16   8.54022028E-17   4.10722537E-17   2.17325675E-17   1.33408095E-17   9.14676717E-18   6.79173144E-18   5.35208356E-18   4.41582512E-18   3.77847542E-18   3.32966956E-18   3.00575866E-18   2.76802654E-18   2.59186850E-18   2.46106602E-18   2.36459008E-18   2.29473881E-18   2.24600650E-18   2.21437780E-18   2.19687073E-18   2.19123639E-18
   2.08162807E-16   1.70775236E-16   8.21934368E-17   4.35691613E-17   2.68339029E-17   1.84914803E-17   1.38243950E-17   1.09851736E-17   9.15008665E-18   7.91077570E-18   7.04721651E-18   6.43277848E-18   5.99060371E-18   5.67195347E-18   5.44476873E-18   5.28729381E-18   5.18436607E-18   5.12517137E-18   5.10183991E-18   5.10854504E-18   5.14090517E-18
   4.15651429E-16   3.41120841E-16   1.64421284E-16   8.74456168E-17   5.41690805E-17   3.76429416E-17   2.84447957E-17   2.28859534E-17   1.93239450E-17   1.69463069E-17   1.53164418E-17   1.41837735E-17   1.33966077E-17   1.28589842E-17   1.25079205E-17   1.23007705E-17   1.22078772E-17   1.22081452E-17   1.22862700E-17   1.24309637E-17   1.26337810E-17
   8.29562469E-16   6.81287128E-16   3.29287208E-16   1.76154504E-16   1.10162021E-16   7.75453105E-17   5.95081277E-17   4.87013074E-17   4.18602061E-17   3.73747167E-17   3.43822221E-17   3.23889716E-17   3.10967666E-17   3.03173639E-17   2.99274508E-17   2.98437269E-17   3.00084119E-17   3.03805539E-17   3.09305926E-17   3.16368526E-17   3.24832668E-17
   1.65541938E-15   1.36132774E-15   6.61263111E-16   3.57215923E-16   2.26662602E-16   1.62488713E-16   1.27275303E-16   1.06422192E-16   9.34617147E-17   8.52129240E-17   7.99756134E-17   7.67784214E-17   7.50356379E-17   7.43780756E-17   7.45643898E-17   7.54319963E-17   7.68686105E-17   7.87951208E-17   8.11549083E-17   8.39069779E-17   8.70214386E-17
   3.30344459E-15   2.72326958E-15   1.33432094E-15   7.31880512E-16   4.74070470E-16   3.48068681E-16   2.79604041E-16   2.39752914E-16   2.15727393E-16   2.01246981E-16   1.92957679E-16   1.88944569E-16   1.88053874E-16   1.89559541E-16   1.92988331E-16   1.98022962E-16   2.04446066E-16   2.12106261E-16   2.20897008E-16   2.30743024E-16   2.41591240E-16
   6.59265987E-15   5.45909643E-15   2.71305246E-15   1.52154646E-15   1.01271789E-15   7.65568548E-16   6.33137117E-16   5.58199530E-16   5.15448877E-16   4.92447433E-16   4.82547576E-16   4.81952853E-16   4.88377757E-16   5.00388208E-16   5.17054693E-16   5.37760254E-16   5.62088311E-16   5.89755477E-16   6.20569001E-16   6.54399391E-16   6.91162474E-16
   1.31590956E-14   1.09813764E-14   5.57832267E-15   3.22421609E-15   2.21900207E-15   1.73462321E-15   1.48085140E-15   1.34429730E-15   1.27465012E-15   1.24710927E-15   1.24839326E-15   1.27091407E-15   1.31011497E-15   1.36315394E-15   1.42821010E-15   1.50409694E-15   1.59003733E-15   1.68552621E-15   1.79024479E-15   1.90400407E-15   2.02670907E-15
   2.62735780E-14   2.22088668E-14   1.16440112E-14   6.99279950E-15   5.00305516E-15   4.05641749E-15   3.57963281E-15   3.34692406E-15   3.25745769E-15   3.26129263E-15   3.33162177E-15   3.45314792E-15   3.61673836E-15   3.81676731E-15   4.04970814E-15   4.31334545E-15   4.60631086E-15   4.92780306E-15   5.27740786E-15   5.65498296E-15   6.06057961E-15
   5.24840418E-14   4.52613885E-14   2.47674636E-14   1.55714827E-14   1.16275059E-14   9.79374476E-15   8.93527941E-15   8.59910304E-15   8.58098077E-15   8.77918225E-15   9.13903319E-15   9.62946950E-15   1.02321682E-14   1.09361000E-14   1.17346276E-14   1.26238648E-14   1.36017101E-14   1.46672564E-14   1.58204138E-14   1.70616661E-14   1.83919025E-14
   1.04924072E-13   9.31695991E-14   5.38375835E-14   3.56596432E-14   2.78590678E-14   2.43843608E-14   2.29810914E-14   2.27322349E-14   2.32194431E-14   2.42331451E-14   2.56608360E-14   2.74392088E-14   2.95317224E-14   3.19172687E-14   3.45840639E-14   3.75261820E-14   4.07415089E-14   4.42304681E-14   4.79952144E-14   5.20391056E-14   5.63663428E-14
   2.10001179E-13   1.94068286E-13   1.19755524E-13   8.39683615E-14   6.87044822E-14   6.24417578E-14   6.06931904E-14   6.15880502E-14   6.42610897E-14   6.82767577E-14   7.34022963E-14   7.95089567E-14   8.65250525E-14   9.44119593E-14   1.03151110E-13   1.12736535E-13   1.23170408E-13   1.34460328E-13   1.46617459E-13   1.59655478E-13   1.73589699E-13
   4.20960792E-13   4.09336193E-13   2.72410702E-13   2.02863849E-13   1.73822965E-13   1.63783253E-13   1.63842139E-13   1.70170627E-13   1.80969592E-13   1.95329945E-13   2.12770190E-13   2.33030744E-13   2.55974793E-13   2.81536919E-13   3.09695032E-13   3.40454010E-13   3.73835999E-13   4.09874364E-13   4.48609682E-13   4.90087192E-13   5.34355112E-13
   8.45468769E-13   8.73600888E-13   6.31875249E-13   5.00767451E-13   4.48934049E-13   4.37665014E-13   4.49530793E-13   4.76733887E-13   5.15541874E-13   5.64062143E-13   6.21304223E-13   6.86751925E-13   7.60152954E-13   8.41408703E-13   9.30512937E-13   1.02751585E-12   1.13250327E-12   1.24558220E-12   1.36687276E-12   1.49650225E-12   1.63460120E-12
   1.70185697E-12   1.88219210E-12   1.48727276E-12   1.25549267E-12   1.17602271E-12   1.18362080E-12   1.24518798E-12   1.34513668E-12   1.47582641E-12   1.63335935E-12   1.81571706E-12   2.02188179E-12   2.25139395E-12   2.50411714E-12   2.78010405E-12   3.07952080E-12   3.40259721E-12   3.74959916E-12   4.12080743E-12   4.51650739E-12   4.93697791E-12
   3.43430926E-12   4.08035931E-12   3.52965660E-12   3.17352481E-12   3.10102291E-12   3.21499403E-12   3.45610454E-12   3.79435676E-12   4.21453280E-12   4.70875075E-12   5.27291232E-12   5.90495795E-12   6.60396174E-12   7.36963789E-12   8.20206143E-12   9.10150080E-12   1.00683168E-11   1.11028998E-11   1.22056271E-11   1.33768396E-11   1.46168216E-11
   6.95050354E-12   8.86988226E-12   8.38826664E-12   8.02323138E-12   8.16375179E-12   8.69988890E-12   9.53557285E-12   1.06166621E-11   1.19141025E-11   1.34122175E-11   1.51024731E-11   1.69802054E-11   1.90428628E-11   2.12890278E-11   2.37178541E-11   2.63287239E-11   2.91210493E-11   3.20941468E-11   3.52471524E-11   3.85789907E-11   4.20883293E-11
   1.41173618E-11   1.92836875E-11   1.98410142E-11   2.01355373E-11   2.12876002E-11   2.32680177E-11   2.59477318E-11   2.92380287E-11   3.30859888E-11   3.74601600E-11   4.23410092E-11   4.77154705E-11   5.35738121E-11   5.99078703E-11   6.67100056E-11   7.39725087E-11   8.16872403E-11   8.98454297E-11   9.84375637E-11   1.07453366E-10   1.16881768E-10
   2.88093664E-11   4.18833336E-11   4.65161069E-11   4.98672874E-11   5.46179699E-11   6.10836104E-11   6.91538840E-11   7.87009277E-11   8.96298591E-11   1.01872163E-10   1.15375043E-10   1.30093936E-10   1.45987902E-10   1.63016961E-10   1.81140491E-10   2.00316555E-10   2.20501381E-10   2.41649339E-10   2.63712885E-10   2.86642904E-10   3.10388631E-10
   5.91559093E-11   9.09176831E-11   1.07902534E-10   1.21441607E-10   1.37258468E-10   1.56602203E-10   1.79534831E-10   2.05891471E-10   2.35484909E-10   2.68138733E-10   3.03686160E-10   3.41964707E-10   3.82812004E-10   4.26063518E-10   4.71551576E-10   5.19105370E-10   5.68551428E-10   6.19714446E-10   6.72418454E-10   7.26487592E-10   7.81747611E-10
   1.22421406E-10   1.97485917E-10   2.47684762E-10   2.90426294E-10   3.37042172E-10   3.90847771E-10   4.52373611E-10   5.21369559E-10   5.97368710E-10   6.79839463E-10   7.68226316E-10   8.61962612E-10   9.60476143E-10   1.06319309E-09   1.16954302E-09   1.27896294E-09   1.39090228E-09   1.50482693E-09   1.62022284E-09   1.73659986E-09   1.85349425E-09
   2.55748839E-10   4.29728447E-10   5.63056879E-10   6.81964651E-10   8.07806044E-10   9.47890322E-10   1.10355280E-09   1.27408339E-09   1.45806500E-09   1.65382408E-09   1.85959981E-09   2.07362083E-09   2.29414776E-09   2.51950283E-09   2.74809064E-09   2.97841485E-09   3.20909077E-09   3.43885298E-09   3.66656039E-09   3.89119803E-09   4.11187573E-09
   5.40191059E-10   9.37249500E-10   1.26818256E-09   1.57220759E-09   1.88827931E-09   2.23052554E-09   2.60086264E-09   2.99656633E-09   3.41323680E-09   3.84595067E-09   4.28975877E-09   4.73992712E-09   5.19207388E-09   5.64224312E-09   6.08694339E-09   6.52316379E-09   6.94836810E-09   7.36047800E-09   7.75784326E-09   8.13920664E-09   8.50366799E-09
   1.15525367E-09   2.04848094E-09   2.82875279E-09   3.55578655E-09   4.29915392E-09   5.08296383E-09   5.90716809E-09   6.76241285E-09   7.63642660E-09   8.51669046E-09   9.39161904E-09   1.02510853E-08   1.10866241E-08   1.18914647E-08   1.26604487E-08   1.33898901E-08   1.40774032E-08   1.47217110E-08   1.53224615E-08   1.58800511E-08   1.63954574E-08
   2.50348986E-09   4.48118653E-09   6.23829521E-09   7.87381804E-09   9.51090318E-09   1.11852936E-08   1.28868649E-08   1.45897623E-08   1.62656910E-08   1.78893238E-08   1.94402929E-08   2.09036308E-08   2.22694627E-08   2.35323547E-08   2.46905199E-08   2.57450363E-08   2.66991194E-08   2.75574852E-08   2.83258341E-08   2.90104296E-08   2.96177767E-08
   5.49311308E-09   9.78302417E-09   1.35559652E-08   1.70109598E-08   2.03686863E-08   2.36749127E-08   2.68945595E-08   2.99734673E-08   3.28635217E-08   3.55307073E-08   3.79560099E-08   4.01333722E-08   4.20667838E-08   4.37673187E-08   4.52505944E-08   4.65347227E-08   4.76388102E-08   4.85818852E-08   4.93821872E-08   5.00567658E-08   5.06212317E-08
   1.21635262E-08   2.12013145E-08   2.88686248E-08   3.56703254E-08   4.20194048E-08   4.79756039E-08   5.34731015E-08   5.84402642E-08   6.28372874E-08   6.66599931E-08   6.99322058E-08   7.26959044E-08   7.50025961E-08   7.69069572E-08   7.84625627E-08   7.97194204E-08   8.07226428E-08   8.15120345E-08   8.21221491E-08   8.25826092E-08   8.29185964E-08
   2.70052674E-08   4.52498803E-08   5.98127485E-08   7.21394287E-08   8.30533367E-08   9.26853971E-08   1.01003188E-07   1.08011292E-07   1.13783670E-07   1.18444156E-07   1.22139781E-07   1.25020165E-07   1.27225022E-07   1.28878000E-07   1.30084885E-07   1.30934069E-07   1.31498254E-07   1.31836600E-07   1.31996913E-07   1.32017632E-07   1.31929554E-07
   5.95273697E-08   9.41756113E-08   1.19608998E-07   1.39860546E-07   1.56635480E-07   1.70362284E-07   1.81283227E-07   1.89719046E-07   1.96054870E-07   2.00681896E-07   2.03956319E-07   2.06181070E-07   2.07602852E-07   2.08417148E-07   2.08776058E-07   2.08796678E-07   2.08568437E-07   2.08159364E-07   2.07621056E-07   2.06992496E-07   2.06303184E-07
   1.28637694E-07   1.89176092E-07   2.29278925E-07   2.58931863E-07   2.81564638E-07   2.98430763E-07   3.10519511E-07   3.18817200E-07   3.24228466E-07   3.27509582E-07   3.29254107E-07   3.29909739E-07   3.29805914E-07   3.29181347E-07   3.28207477E-07   3.27006632E-07   3.25665638E-07   3.24245917E-07   3.22790612E-07   3.21329793E-07   3.19884151E-07
   2.68739001E-07   3.63730265E-07   4.19753434E-07   4.57726060E-07   4.83907172E-07   5.01153750E-07   5.11743849E-07   5.17594970E-07   5.20201411E-07   5.20654453E-07   5.19718299E-07   5.17914657E-07   5.15593968E-07   5.12988890E-07   5.10252335E-07   5.07483662E-07   5.04746367E-07   5.02079786E-07   4.99507507E-07   4.97042208E-07   4.94689743E-07
   5.35967672E-07   6.66619428E-07   7.34504056E-07   7.75896240E-07   8.00714758E-07   8.14050850E-07   8.19720299E-07   8.20532307E-07   8.18414378E-07   8.14623718E-07   8.09953974E-07   8.04894796E-07   7.99741713E-07   7.94668608E-07   7.89773367E-07   7.85107261E-07   7.80692801E-07   7.76535273E-07   7.72629733E-07   7.68965663E-07   7.65529421E-07
   1.01253977E-06   1.16598733E-06   1.23486734E-06   1.27095109E-06   1.28756574E-06   1.29195303E-06   1.28913734E-06   1.28241720E-06   1.27381270E-06   1.26450163E-06   1.25514202E-06   1.24608425E-06   1.23750010E-06   1.22946028E-06   1.22197889E-06   1.21504002E-06   1.20861262E-06   1.20265918E-06   1.19714048E-06   1.19201809E-06   1.18725586E-06
   1.81096959E-06   1.95818598E-06   2.01111902E-06   2.03056265E-06   2.03133391E-06   2.02172146E-06   2.00706745E-06   1.99052124E-06   1.97378859E-06   1.95771918E-06   1.94268819E-06   1.92881885E-06   1.91610661E-06   1.90448600E-06   1.89386697E-06   1.88415288E-06   1.87525018E-06   1.86707200E-06   1.85954013E-06   1.85258500E-06   1.84614521E-06
   3.08611720E-06   3.18578486E-06   3.20194863E-06   3.19233482E-06   3.16963360E-06   3.14120575E-06   3.11150461E-06   3.08284143E-06   3.05622621E-06   3.03197453E-06   3.01006435E-06   2.99032649E-06   2.97254087E-06   2.95648238E-06   2.94194047E-06   2.92872687E-06   2.91667743E-06   2.90565004E-06   2.89552236E-06   2.88618935E-06   2.87756097E-06
   5.06310244E-06   5.06745482E-06   5.02412786E-06   4.97275050E-06   4.91899209E-06   4.86683757E-06   4.81859570E-06   4.77511185E-06   4.73638738E-06   4.70204213E-06   4.67156906E-06   4.64445429E-06   4.62022945E-06   4.59848707E-06   4.57887973E-06   4.56111457E-06   4.54494602E-06   4.53016810E-06   4.51660708E-06   4.50411608E-06   4.49257050E-06
   8.08167533E-06   7.93993240E-06   7.81307608E-06   7.70659426E-06   7.61350066E-06   7.53184213E-06   7.46061278E-06   7.39865118E-06   7.34468767E-06   7.29750673E-06   7.25603286E-06   7.21935430E-06   7.18671527E-06   7.15749457E-06   7.13118470E-06   7.10736867E-06   7.08570269E-06   7.06590208E-06   7.04773083E-06   7.03098976E-06   7.01551107E-06
   1.26494233E-05   1.23077207E-05   1.20709574E-05   1.18940634E-05   1.17514164E-05   1.16326055E-05   1.15322218E-05   1.14465893E-05   1.13729066E-05   1.13089636E-05   1.12530151E-05   1.12036732E-05   1.11598365E-05   1.11206264E-05   1.10853352E-05   1.10533902E-05   1.10243245E-05   1.09977545E-05   1.09733619E-05   1.09508792E-05   1.09300827E-05
   1.94850418E-05   1.88840349E-05   1.85065383E-05   1.82401454E-05   1.80344159E-05   1.78679529E-05   1.77298207E-05   1.76132744E-05   1.75136483E-05   1.74275301E-05   1.73523458E-05   1.72861219E-05   1.72273212E-05   1.71747361E-05   1.71274060E-05   1.70845542E-05   1.70455532E-05   1.70098901E-05   1.69771338E-05   1.69469331E-05   1.69189880E-05
   2.95096615E-05   2.85817914E-05   2.80262157E-05   2.76459850E-05   2.73593778E-05   2.71313002E-05   2.69440152E-05   2.67869946E-05   2.66532734E-05   2.65379313E-05   2.64373521E-05   2.63488128E-05   2.62702179E-05   2.61999321E-05   2.61366604E-05   2.60793659E-05   2.60272100E-05   2.59795015E-05   2.59356748E-05   2.58952532E-05   2.58578402E-05
   4.37124654E-05   4.23818492E-05   4.16041548E-05   4.10805405E-05   4.06912295E-05   4.03844424E-05   4.01341167E-05   3.99250675E-05   3.97474541E-05   3.95944626E-05   3.94611561E-05   3.93438531E-05   3.92397415E-05   3.91466419E-05   3.90628265E-05   3.89869238E-05   3.89178203E-05   3.88545996E-05   3.87965156E-05   3.87429354E-05   3.86933389E-05
   6.28061680E-05   6.09952222E-05   5.99488376E-05   5.92501638E-05   5.87347386E-05   5.83310029E-05   5.80029155E-05   5.77296523E-05   5.74978694E-05   5.72984172E-05   5.71247365E-05   5.69719632E-05   5.68363939E-05   5.67151765E-05   5.66060553E-05   5.65072332E-05   5.64172624E-05   5.63349495E-05   5.62593195E-05   5.61895504E-05   5.61249617E-05
   8.66502814E-05   8.42970403E-05   8.29435012E-05   8.20433561E-05   8.13823353E-05   8.08665645E-05   8.04486190E-05   8.01011847E-05   7.98068722E-05   7.95538290E-05   7.93336003E-05   7.91399434E-05   7.89681435E-05   7.88145553E-05   7.86763048E-05   7.85511147E-05   7.84371368E-05   7.83328724E-05   7.82370698E-05   7.81486888E-05   7.80668706E-05
   1.13591988E-04   1.10678397E-04   1.09004432E-04   1.07893204E-04   1.07079482E-04   1.06446249E-04   1.05934196E-04   1.05509163E-04   1.05149491E-04   1.04840467E-04   1.04571656E-04   1.04335362E-04   1.04125786E-04   1.03938459E-04   1.03769860E-04   1.03617211E-04   1.03478247E-04   1.03351129E-04   1.03234335E-04   1.03126593E-04   1.03026854E-04
   1.40100063E-04   1.36684190E-04   1.34720889E-04   1.33418609E-04   1.32466754E-04   1.31727444E-04   1.31130553E-04   1.30635701E-04   1.30217290E-04   1.29858017E-04   1.29545631E-04   1.29271109E-04   1.29027700E-04   1.28810163E-04   1.28614425E-04   1.28437197E-04   1.28275889E-04   1.28128348E-04   1.27992782E-04   1.27867737E-04   1.27751991E-04
   1.61159682E-04   1.57396746E-04   1.55232032E-04   1.53796587E-04   1.52748762E-04   1.51936081E-04   1.51280765E-04   1.50737978E-04   1.50279346E-04   1.49885745E-04   1.49543630E-04   1.49243089E-04   1.48976644E-04   1.48738574E-04   1.48524370E-04   1.48330480E-04   1.48154009E-04   1.47992600E-04   1.47844316E-04   1.47707557E-04   1.47580940E-04
   1.71638341E-04   1.67773294E-04   1.65547710E-04   1.64072073E-04   1.62995886E-04   1.62162163E-04   1.61490520E-04   1.60934622E-04   1.60465192E-04   1.60062482E-04   1.59712552E-04   1.59405201E-04   1.59132804E-04   1.58889437E-04   1.58670518E-04   1.58472365E-04   1.58292038E-04   1.58127106E-04   1.57975606E-04   1.57835864E-04   1.57706512E-04
   1.68230268E-04   1.64554222E-04   1.62435681E-04   1.61031043E-04   1.60007374E-04   1.59215007E-04   1.58577168E-04   1.58049574E-04   1.57604241E-04   1.57222326E-04   1.56890572E-04   1.56599242E-04   1.56341062E-04   1.56110458E-04   1.55903035E-04   1.55715315E-04   1.55544491E-04   1.55388276E-04   1.55244779E-04   1.55112430E-04   1.54989917E-04
   1.51017695E-04   1.47799161E-04   1.45942991E-04   1.44712292E-04   1.43815865E-04   1.43122452E-04   1.42564633E-04   1.42103439E-04   1.41714307E-04   1.41380689E-04   1.41090932E-04   1.40836535E-04   1.40611126E-04   1.40409815E-04   1.40228760E-04   1.40064920E-04   1.39915850E-04   1.39779528E-04   1.39654323E-04   1.39538839E-04   1.39431941E-04
