          51          21   2.0000000000000000     
   1.0000000000000000E-002   1.1641812487720175E-002   1.3553179799923739E-002   1.5778357784306894E-002   1.8368868268906078E-002   2.1384691999823766E-002   2.4895657436959789E-002   2.8983057563960208E-002   3.3741532148042465E-002   3.9281259031589244E-002   4.5730505192732654E-002   5.3238596642250703E-002   6.1979375921845159E-002   7.2155227258804008E-002   8.4001762575583117E-002   9.7793276854292871E-002  0.11384909916973830       0.13254098644299517       0.15430173111068116       0.17963518201211676       0.20912791051825472       0.24346279202022450       0.28343481724362679       0.32996949948415394       0.38414430396613991       0.44721359549995821       0.52063768207696526       0.60611662687812962       0.70562961158046389       0.82148076238025802       0.95635249979003722        1.1133676474718066        1.2961617381760906        1.5089671909603490        1.7567113087282231        2.0451303651271471        2.3809024223752950        2.7718019552851909        3.2268798616526313        3.7566730269760371        4.3734482957731151        5.0914864984129942        5.9274131098283087        6.9005831961875446        8.0335295625928111        9.3524844782262218        10.887987058982308        12.675590370939595        14.756684626963009        17.179455536752620        20.000000000000004     
   200.00000000000000        290.00000000000000        380.00000000000000        470.00000000000000        560.00000000000000        650.00000000000000        740.00000000000000        830.00000000000000        920.00000000000000        1010.0000000000000        1100.0000000000000        1190.0000000000000        1280.0000000000000        1370.0000000000000        1460.0000000000000        1550.0000000000000        1640.0000000000000        1730.0000000000000        1820.0000000000000        1910.0000000000000        2000.0000000000000     
   5.19133721E-07   5.26165024E-07   5.30759905E-07   5.34138280E-07   5.36746427E-07   5.38813367E-07   5.40482688E-07   5.41852671E-07   5.42993291E-07   5.43955139E-07   5.44775787E-07   5.45483260E-07   5.46098988E-07   5.46639342E-07   5.47117281E-07   5.47542868E-07   5.47924344E-07   5.48268133E-07   5.48579692E-07   5.48863341E-07   5.49122774E-07
   7.03594594E-07   7.13124507E-07   7.19355114E-07   7.23938456E-07   7.27478437E-07   7.30284910E-07   7.32552451E-07   7.34414357E-07   7.35965216E-07   7.37273865E-07   7.38391122E-07   7.39355016E-07   7.40194480E-07   7.40931910E-07   7.41584699E-07   7.42166662E-07   7.42688769E-07   7.43159887E-07   7.43587236E-07   7.43976841E-07   7.44333533E-07
   9.53601443E-07   9.66518996E-07   9.74970590E-07   9.81192443E-07   9.86001055E-07   9.89815589E-07   9.92899686E-07   9.95433652E-07   9.97546067E-07   9.99330041E-07   1.00085435E-06   1.00217085E-06   1.00331863E-06   1.00432806E-06   1.00522277E-06   1.00602142E-06   1.00673890E-06   1.00738714E-06   1.00797615E-06   1.00851400E-06   1.00900718E-06
   1.29244802E-06   1.30996045E-06   1.32143077E-06   1.32988418E-06   1.33642379E-06   1.34161633E-06   1.34581830E-06   1.34927416E-06   1.35215805E-06   1.35459641E-06   1.35668256E-06   1.35848654E-06   1.36006167E-06   1.36144911E-06   1.36268068E-06   1.36378196E-06   1.36477297E-06   1.36567019E-06   1.36648680E-06   1.36723395E-06   1.36792039E-06
   1.75170896E-06   1.77545769E-06   1.79103699E-06   1.80253687E-06   1.81144583E-06   1.81852852E-06   1.82426743E-06   1.82899385E-06   1.83294344E-06   1.83628799E-06   1.83915427E-06   1.84163719E-06   1.84380917E-06   1.84572593E-06   1.84743112E-06   1.84895896E-06   1.85033707E-06   1.85158740E-06   1.85272825E-06   1.85377451E-06   1.85473823E-06
   2.37418749E-06   2.40640770E-06   2.42759188E-06   2.44326407E-06   2.45542856E-06   2.46511672E-06   2.47298044E-06   2.47946809E-06   2.48490005E-06   2.48950892E-06   2.49346726E-06   2.49690379E-06   2.49991717E-06   2.50258290E-06   2.50496055E-06   2.50709672E-06   2.50902872E-06   2.51078677E-06   2.51239544E-06   2.51387519E-06   2.51524239E-06
   3.21791435E-06   3.26165764E-06   3.29050931E-06   3.31191904E-06   3.32858076E-06   3.34188212E-06   3.35270306E-06   3.36165181E-06   3.36916219E-06   3.37555116E-06   3.38105292E-06   3.38584323E-06   3.39005578E-06   3.39379426E-06   3.39713915E-06   3.40015413E-06   3.40289034E-06   3.40538895E-06   3.40768338E-06   3.40980137E-06   3.41176587E-06
   4.36157734E-06   4.42102555E-06   4.46040667E-06   4.48974970E-06   4.51266442E-06   4.53101393E-06   4.54598603E-06   4.55840473E-06   4.56885937E-06   4.57778151E-06   4.58549039E-06   4.59222611E-06   4.59817102E-06   4.60346700E-06   4.60822366E-06   4.61252830E-06   4.61645141E-06   4.62004846E-06   4.62336629E-06   4.62644221E-06   4.62930802E-06
   5.91190019E-06   5.99281157E-06   6.04672414E-06   6.08711116E-06   6.11879068E-06   6.14425926E-06   6.16511761E-06   6.18248259E-06   6.19715775E-06   6.20973151E-06   6.22063953E-06   6.23021106E-06   6.23869710E-06   6.24629047E-06   6.25314351E-06   6.25937537E-06   6.26508199E-06   6.27034160E-06   6.27521695E-06   6.27976078E-06   6.28401631E-06
   8.01368151E-06   8.12403141E-06   8.19812885E-06   8.25401912E-06   8.29810688E-06   8.33372360E-06   8.36302843E-06   8.38753658E-06   8.40834400E-06   8.42625741E-06   8.44187616E-06   8.45565137E-06   8.46792955E-06   8.47897536E-06   8.48900072E-06   8.49816934E-06   8.50661490E-06   8.51444474E-06   8.52174617E-06   8.52859284E-06   8.53504389E-06
   1.08634704E-05   1.10143937E-05   1.11167528E-05   1.11946292E-05   1.12564858E-05   1.13067572E-05   1.13483484E-05   1.13833239E-05   1.14131844E-05   1.14390396E-05   1.14617151E-05   1.14818376E-05   1.14998847E-05   1.15162275E-05   1.15311577E-05   1.15449038E-05   1.15576522E-05   1.15695539E-05   1.15807297E-05   1.15912826E-05   1.16012961E-05
   1.47282417E-05   1.49354410E-05   1.50777614E-05   1.51871918E-05   1.52748416E-05   1.53465808E-05   1.54063273E-05   1.54568970E-05   1.55003581E-05   1.55382440E-05   1.55717025E-05   1.56016085E-05   1.56286278E-05   1.56532806E-05   1.56759743E-05   1.56970327E-05   1.57167178E-05   1.57352388E-05   1.57527720E-05   1.57694612E-05   1.57854247E-05
   1.99709793E-05   2.02568554E-05   2.04563476E-05   2.06117056E-05   2.07373687E-05   2.08410820E-05   2.09281261E-05   2.10023627E-05   2.10666531E-05   2.11231418E-05   2.11734350E-05   2.12187642E-05   2.12600698E-05   2.12980849E-05   2.13333897E-05   2.13664462E-05   2.13976236E-05   2.14272259E-05   2.14555021E-05   2.14826578E-05   2.15088676E-05
   2.70858454E-05   2.74828144E-05   2.77652489E-05   2.79885189E-05   2.81711818E-05   2.83233858E-05   2.84522666E-05   2.85631486E-05   2.86600334E-05   2.87459352E-05   2.88231386E-05   2.88933879E-05   2.89580294E-05   2.90181197E-05   2.90744883E-05   2.91277993E-05   2.91785927E-05   2.92273089E-05   2.92743116E-05   2.93199046E-05   2.93643443E-05
   3.67468019E-05   3.73025505E-05   3.77072574E-05   3.80327656E-05   3.83025290E-05   3.85297499E-05   3.87240980E-05   3.88929839E-05   3.90420464E-05   3.91755966E-05   3.92969123E-05   3.94085073E-05   3.95123461E-05   3.96099567E-05   3.97025578E-05   3.97911354E-05   3.98764787E-05   3.99592500E-05   4.00399913E-05   4.01191610E-05   4.01971556E-05
   4.98752634E-05   5.06612887E-05   5.12495608E-05   5.17320477E-05   5.21376678E-05   5.24834613E-05   5.27825905E-05   5.30454563E-05   5.32801532E-05   5.34929131E-05   5.36885236E-05   5.38706954E-05   5.40423207E-05   5.42056841E-05   5.43626156E-05   5.45145958E-05   5.46628398E-05   5.48083553E-05   5.49519973E-05   5.50944860E-05   5.52364509E-05
   6.77350254E-05   6.88607834E-05   6.97303258E-05   7.04590493E-05   7.10813401E-05   7.16189097E-05   7.20897806E-05   7.25088103E-05   7.28877858E-05   7.32359040E-05   7.35603244E-05   7.38666276E-05   7.41592012E-05   7.44415520E-05   7.47165104E-05   7.49863975E-05   7.52531414E-05   7.55183719E-05   7.57834714E-05   7.60496623E-05   7.63179996E-05
   9.20666716E-05   9.37036893E-05   9.50139583E-05   9.61379556E-05   9.71140253E-05   9.79693796E-05   9.87290259E-05   9.94145230E-05   1.00043457E-04   1.00629768E-04   1.01184407E-04   1.01716047E-04   1.02231577E-04   1.02736587E-04   1.03235638E-04   1.03732549E-04   1.04230545E-04   1.04732411E-04   1.05240593E-04   1.05757252E-04   1.06284351E-04
   1.25279825E-04   1.27703737E-04   1.29721477E-04   1.31495661E-04   1.33063906E-04   1.34459580E-04   1.35717899E-04   1.36871051E-04   1.37945986E-04   1.38964489E-04   1.39943979E-04   1.40898410E-04   1.41839133E-04   1.42775447E-04   1.43715166E-04   1.44664969E-04   1.45630649E-04   1.46617313E-04   1.47629617E-04   1.48671767E-04   1.49747691E-04
   1.70730709E-04   1.74396308E-04   1.77579321E-04   1.80450705E-04   1.83036274E-04   1.85375582E-04   1.87519603E-04   1.89517988E-04   1.91413623E-04   1.93241998E-04   1.95032000E-04   1.96807319E-04   1.98587601E-04   2.00389419E-04   2.02227078E-04   2.04113137E-04   2.06058830E-04   2.08074431E-04   2.10169470E-04   2.12352912E-04   2.14633328E-04
   2.33125727E-04   2.38804423E-04   2.43959148E-04   2.48731958E-04   2.53112928E-04   2.57146952E-04   2.60910834E-04   2.64484523E-04   2.67939642E-04   2.71336932E-04   2.74727063E-04   2.78152729E-04   2.81650340E-04   2.85251677E-04   2.88984913E-04   2.92875658E-04   2.96947634E-04   3.01223074E-04   3.05723224E-04   3.10468546E-04   3.15478974E-04
   3.19110753E-04   3.28148366E-04   3.36733268E-04   3.44892323E-04   3.52530944E-04   3.59697791E-04   3.66515189E-04   3.73119634E-04   3.79637640E-04   3.86179541E-04   3.92840273E-04   3.99702316E-04   4.06838342E-04   4.14313894E-04   4.22189129E-04   4.30520362E-04   4.39361203E-04   4.48763225E-04   4.58776776E-04   4.69451217E-04   4.80835384E-04
   4.38132178E-04   4.52943612E-04   4.67666337E-04   4.82024858E-04   4.95743938E-04   5.08875411E-04   5.21630282E-04   5.34257677E-04   5.46996249E-04   5.60060435E-04   5.73641038E-04   5.87909133E-04   6.03020831E-04   6.19121245E-04   6.36347511E-04   6.54831587E-04   6.74701412E-04   6.96082716E-04   7.19099771E-04   7.43875979E-04   7.70534447E-04
   6.03694178E-04   6.28733193E-04   6.54750678E-04   6.80776779E-04   7.06171675E-04   7.31002539E-04   7.55669083E-04   7.80660834E-04   8.06460099E-04   8.33513739E-04   8.62231886E-04   8.92994110E-04   9.26157110E-04   9.62061342E-04   1.00103614E-03   1.04340364E-03   1.08948140E-03   1.13958458E-03   1.19402749E-03   1.25312398E-03   1.31718896E-03
   8.35200248E-04   8.78898427E-04   9.26274806E-04   9.74860450E-04   1.02331140E-03   1.07177463E-03   1.12108397E-03   1.17227365E-03   1.22638524E-03   1.28441013E-03   1.34728337E-03   1.41589355E-03   1.49109506E-03   1.57371885E-03   1.66458101E-03   1.76448841E-03   1.87424303E-03   1.99464522E-03   2.12649442E-03   2.27059098E-03   2.42773700E-03
   1.16069254E-03   1.23940071E-03   1.32822222E-03   1.42156356E-03   1.51677942E-03   1.61434244E-03   1.71614182E-03   1.82450539E-03   1.94181164E-03   2.07037246E-03   2.21241452E-03   2.37009465E-03   2.54551671E-03   2.74075055E-03   2.95784278E-03   3.19882599E-03   3.46572325E-03   3.76055087E-03   4.08531912E-03   4.44203196E-03   4.83268499E-03
   1.62108161E-03   1.76718784E-03   1.93834258E-03   2.12259451E-03   2.31503323E-03   2.51726783E-03   2.73384224E-03   2.97024683E-03   3.23213334E-03   3.52506828E-03   3.85448313E-03   4.22568852E-03   4.64389939E-03   5.11425408E-03   5.64182922E-03   6.23164326E-03   6.88865781E-03   7.61777209E-03   8.42381548E-03   9.31153726E-03   1.02855945E-02
   2.27709254E-03   2.55589280E-03   2.89397105E-03   3.26670636E-03   3.66561790E-03   4.09590406E-03   4.56885668E-03   5.09777293E-03   5.69633255E-03   6.37806067E-03   7.15618348E-03   8.04361235E-03   9.05294530E-03   1.01964679E-02   1.14861345E-02   1.29335383E-02   1.45498710E-02   1.63458697E-02   1.83317717E-02   2.05172505E-02   2.29113605E-02
   3.22155259E-03   3.76643986E-03   4.44847951E-03   5.21832984E-03   6.06290530E-03   6.99785585E-03   8.05139448E-03   9.25573986E-03   1.06436620E-02   1.22472215E-02   1.40973050E-02   1.62234083E-02   1.86534710E-02   2.14136895E-02   2.45283209E-02   2.80194636E-02   3.19068283E-02   3.62075269E-02   4.09358479E-02   4.61030863E-02   5.17173856E-02
   4.60256403E-03   5.68820676E-03   7.08676362E-03   8.70161131E-03   1.05164247E-02   1.25747817E-02   1.49452202E-02   1.77028812E-02   2.09217444E-02   2.46713385E-02   2.90150903E-02   3.40091847E-02   3.97016257E-02   4.61313464E-02   5.33274412E-02   6.13085590E-02   7.00824335E-02   7.96457231E-02   8.99840444E-02  0.101072319      0.112875365    
   6.66875253E-03   8.86142440E-03   1.17581217E-02   1.51723186E-02   1.90920327E-02   2.36264225E-02   2.89287176E-02   3.51553410E-02   4.24472652E-02   5.09208962E-02   6.06627986E-02   7.17263818E-02   8.41299891E-02   9.78564322E-02  0.112853996      0.129038960      0.146299511      0.164500773      0.183490589      0.203105778      0.223178238    
   9.85777192E-03   1.43160429E-02   2.03245562E-02   2.75179222E-02   3.58967446E-02   4.56875227E-02   5.71685210E-02   7.05767944E-02   8.60651657E-02  0.103683777      0.123375721      0.144983038      0.168261021      0.192898735      0.218543172      0.244824052      0.271376669      0.297860712      0.323974073      0.349461287      0.374116927    
   1.49643663E-02   2.40099989E-02   3.63372453E-02   5.11692129E-02   6.84460700E-02   8.84585306E-02  0.111461997      0.137492925      0.166317925      0.197458923      0.230261937      0.263984859      0.297884047      0.331284225      0.363624275      0.394477874      0.423553973      0.450682938      0.475795746      0.498900831      0.520062268    
   2.34397557E-02   4.15347703E-02   6.60741553E-02   9.51349139E-02  0.128082752      0.164696157      0.204462156      0.246414319      0.289279550      0.331726879      0.372587770      0.410986722      0.446376830      0.478507310      0.507357478      0.533064127      0.555858195      0.576016068      0.593826711      0.609570384      0.623507321    
   3.78644392E-02   7.29348287E-02  0.118939653      0.170637101      0.225249752      0.280797482      0.335258365      0.386730254      0.433794856      0.475688696      0.512246728      0.543728292      0.570630908      0.593545377      0.613063574      0.629729033      0.644016385      0.656327903      0.666998208      0.676302731      0.684467018    
   6.25208765E-02  0.126716420      0.204518855      0.283132344      0.356376261      0.421375424      0.476958573      0.523190737      0.560963333      0.591554344      0.616293788      0.636380076      0.652811408      0.666383564      0.677715659      0.687283695      0.695452154      0.702500522      0.708643794      0.714048684      0.718845308    
  0.103607006      0.210816041      0.323577732      0.420048833      0.495720923      0.552788377      0.595124125      0.626493573      0.649963260      0.667819142      0.681687534      0.692699730      0.701637685      0.709043443      0.715296328      0.720665276      0.725343764      0.729473114      0.733158648      0.736479700      0.739497304    
  0.167920023      0.325030297      0.459405512      0.552594960      0.612895191      0.651462018      0.676554263      0.693451762      0.705345988      0.714129090      0.720923364      0.726402521      0.730979264      0.734912455      0.738369286      0.741460621      0.744262516      0.746828854      0.749198675      0.751401484      0.753459930    
  0.258712351      0.454709619      0.585213482      0.657572925      0.695968688      0.716542959      0.728057444      0.734992921      0.739596069      0.742989421      0.745735526      0.748118103      0.750281274      0.752298594      0.754208148      0.756029963      0.757774949      0.759449601      0.761058390      0.762604594      0.764091253    
  0.370252937      0.576973796      0.683343649      0.730557084      0.750306129      0.758120060      0.760995746      0.761988997      0.762393951      0.762730241      0.763182282      0.763794541      0.764556348      0.765439451      0.766412854      0.767448843      0.768524528      0.769621968      0.770727575      0.771831095      0.772925198    
  0.487398714      0.675654829      0.752160251      0.778827250      0.785915256      0.785886526      0.783713520      0.781293213      0.779272854      0.777806282      0.776865244      0.776365697      0.776216805      0.776337802      0.776662529      0.777138591      0.777725458      0.778392196      0.779115260      0.779876828      0.780663490    
  0.593518376      0.747558713      0.798553228      0.811247170      0.810624301      0.806049883      0.800968707      0.796533346      0.793018758      0.790384173      0.788494110      0.787201703      0.786376834      0.785912991      0.785725892      0.785750151      0.785935462      0.786243200      0.786643744      0.787114441      0.787637949    
  0.679108262      0.797483444      0.830176294      0.834221721      0.829147220      0.821978867      0.815177441      0.809470713      0.804943204      0.801463127      0.798847556      0.796922505      0.795540273      0.794582069      0.793954313      0.793584168      0.793415308      0.793404102      0.793516695      0.793726921      0.794014275    
  0.743125141      0.831886649      0.852579951      0.851558626      0.843999445      0.835348845      0.827482462      0.820909202      0.815630496      0.811481833      0.808265746      0.805799663      0.803929985      0.802532494      0.801508784      0.800781608      0.800290525      0.799988210      0.799837649      0.799809635      0.799881160    
  0.789172351      0.855969489      0.869176030      0.865324438      0.856438160      0.846945226      0.838392854      0.831192672      0.825323820      0.820620656      0.816888511      0.813946605      0.811641395      0.809847176      0.808463335      0.807409883      0.806623459      0.806053996      0.805661798      0.805415154      0.805288851    
  0.821850836      0.873235166      0.881925404      0.876602352      0.867075205      0.857125044      0.848125875      0.840460539      0.834118187      0.828948975      0.824770331      0.821408927      0.818714738      0.816563189      0.814852893      0.813502491      0.812446654      0.811633170      0.811020076      0.810573816      0.810267150    
  0.845070601      0.885892093      0.891949415      0.885974586      0.876222432      0.866061628      0.856781960      0.848774254      0.842054427      0.836496532      0.831935167      0.828207612      0.825169742      0.822699487      0.820696414      0.819078445      0.817779124      0.816744685      0.815931618      0.815304577      0.814834833    
  0.861702085      0.895326018      0.899923503      0.893789589      0.884069741      0.873863876      0.864427388      0.856177032      0.849162757      0.843286455      0.838402092      0.834359527      0.831021905      0.828271151      0.826008439      0.824152112      0.822635114      0.821402788      0.820410371      0.819621205      0.819005311    
  0.873737216      0.902435243      0.906295121      0.900294125      0.890765607      0.880627990      0.871128321      0.862716854      0.855479777      0.849347889      0.844195426      0.839885712      0.836290061      0.833295286      0.830805063      0.828738570      0.827028990      0.825621128      0.824469388      0.823536277      0.822790682    
  0.882538557      0.907831669      0.911392033      0.905689955      0.896446943      0.886453211      0.876959860      0.868452370      0.861052573      0.854719460      0.849347711      0.844814122      0.840998828      0.837794006      0.835106254      0.832856357      0.830977976      0.829415798      0.828123808      0.827063859      0.826204121    
  0.889042139      0.911950767      0.915470779      0.910153151      0.901245475      0.891442358      0.882004380      0.873450756      0.865936756      0.859448195      0.853899181      0.849179924      0.845179319      0.841795146      0.838937342      0.836528659      0.834503472      0.832806706      0.831392288      0.830221534      0.829262078    
