          51          21   2.0000000000000000     
   1.0000000000000000E-002   1.1641812487720175E-002   1.3553179799923739E-002   1.5778357784306894E-002   1.8368868268906078E-002   2.1384691999823766E-002   2.4895657436959789E-002   2.8983057563960208E-002   3.3741532148042465E-002   3.9281259031589244E-002   4.5730505192732654E-002   5.3238596642250703E-002   6.1979375921845159E-002   7.2155227258804008E-002   8.4001762575583117E-002   9.7793276854292871E-002  0.11384909916973830       0.13254098644299517       0.15430173111068116       0.17963518201211676       0.20912791051825472       0.24346279202022450       0.28343481724362679       0.32996949948415394       0.38414430396613991       0.44721359549995821       0.52063768207696526       0.60611662687812962       0.70562961158046389       0.82148076238025802       0.95635249979003722        1.1133676474718066        1.2961617381760906        1.5089671909603490        1.7567113087282231        2.0451303651271471        2.3809024223752950        2.7718019552851909        3.2268798616526313        3.7566730269760371        4.3734482957731151        5.0914864984129942        5.9274131098283087        6.9005831961875446        8.0335295625928111        9.3524844782262218        10.887987058982308        12.675590370939595        14.756684626963009        17.179455536752620        20.000000000000004     
   3.3238792007299199E-002   3.8695978386730938E-002   4.5049132440719411E-002   5.2445355260932712E-002   6.1055899179964727E-002   7.1080132952229730E-002   8.2750157943207794E-002   9.6336182210405324E-002  0.11215277690763829       0.13056615987358380       0.15200267504899567       0.17695866405522687       0.20601195850084195       0.23983525910947920       0.27921171144963369       0.32505303890720677       0.37842065275213116       0.44055022808209793       0.51288031467541395       0.59708564520940832       0.69511591206373469       0.80924091054765857       0.94210309379877721        1.0967787562106412        1.2768492620319245        1.4864839683659548        1.7305367625718615        2.0146584492967925        2.3454275893514360        2.7305028198754973        3.1788001826181698        3.7006995661971400        4.3082850423054477        5.0156246606169574        5.8390961807687782        6.7977662834273112        7.9138320407007265        9.2131348677149703        10.725758855401423        12.486727338308759        14.536813825787974        16.923486072872162        19.702005149892170        22.936704958714174        26.702481821551178        31.086528632325557        36.190353723167824        42.132131190938573        49.049437103293307        57.102434938476499        66.477584014598406     
   200.00000000000000        290.00000000000000        380.00000000000000        470.00000000000000        560.00000000000000        650.00000000000000        740.00000000000000        830.00000000000000        920.00000000000000        1010.0000000000000        1100.0000000000000        1190.0000000000000        1280.0000000000000        1370.0000000000000        1460.0000000000000        1550.0000000000000        1640.0000000000000        1730.0000000000000        1820.0000000000000        1910.0000000000000        2000.0000000000000     
   1.10648971E-13   9.09818485E-14   4.41556175E-14   2.38078668E-14   1.50640964E-14   1.07615087E-14   8.39707044E-15   6.99366517E-15   6.11821427E-15   5.55761780E-15   5.19793457E-15   4.97405614E-15   4.84671659E-15   4.79116436E-15   4.79121942E-15   4.83597876E-15   4.91791141E-15   5.03171028E-15   5.17357475E-15   5.34075110E-15   5.53123018E-15
   1.74599715E-13   1.43762186E-13   7.01063692E-14   3.81313091E-14   2.44234022E-14   1.77034900E-14   1.40326331E-14   1.18753409E-14   1.05521323E-14   9.72911869E-15   9.22795386E-15   8.94680583E-15   8.82431216E-15   8.82183798E-15   8.91417558E-15   9.08439024E-15   9.32084373E-15   9.61538842E-15   9.96225095E-15   1.03573097E-14   1.07976143E-14
   2.75521169E-13   2.27321674E-13   1.11609113E-13   6.14060194E-14   3.99275305E-14   2.94393687E-14   2.37514747E-14   2.04533029E-14   1.84791452E-14   1.73056217E-14   1.66532657E-14   1.63625539E-14   1.63374292E-14   1.65175118E-14   1.68635163E-14   1.73491829E-14   1.79566004E-14   1.86733733E-14   1.94908634E-14   2.04030518E-14   2.14057830E-14
   4.34799305E-13   3.59812847E-13   1.78321957E-13   9.95595343E-14   6.59112589E-14   4.95492929E-14   4.07587612E-14   3.57570181E-14   3.28716038E-14   3.12808827E-14   3.05459596E-14   3.04163365E-14   3.07413261E-14   3.14264504E-14   3.24105265E-14   3.36529985E-14   3.51265241E-14   3.68125466E-14   3.86984925E-14   4.07759662E-14   4.30395601E-14
   6.86207330E-13   5.70334144E-13   2.86242059E-13   1.62741890E-13   1.10015268E-13   8.45015925E-14   7.09693534E-14   6.34805115E-14   5.94061204E-14   5.74529641E-14   5.69296807E-14   5.74417494E-14   5.87522923E-14   6.07134379E-14   6.32301964E-14   6.62403888E-14   6.97029714E-14   7.35909543E-14   7.78869360E-14   8.25802575E-14   8.76650776E-14
   1.08310138E-12   9.05784779E-13   4.62167793E-13   2.68571352E-13   1.85900042E-13   1.46150399E-13   1.25453006E-13   1.14473901E-13   1.09069444E-13   1.07197034E-13   1.07763624E-13   1.10146023E-13   1.13971359E-13   1.19008617E-13   1.25111306E-13   1.32185590E-13   1.40171606E-13   1.49032208E-13   1.58745751E-13   1.69301517E-13   1.80696644E-13
   1.70982044E-12   1.44224248E-12   7.51533384E-13   4.48053758E-13   3.18337506E-13   2.56528766E-13   2.25215327E-13   2.09691693E-13   2.03403212E-13   2.03110207E-13   2.07077953E-13   2.14319583E-13   2.24248476E-13   2.36505612E-13   2.50868228E-13   2.67198590E-13   2.85414243E-13   3.05469571E-13   3.27344299E-13   3.51036068E-13   3.76555368E-13
   2.69977378E-12   2.30401700E-12   1.23232186E-12   7.56512041E-13   5.52884453E-13   4.57161761E-13   4.10658405E-13   3.90134539E-13   3.85177350E-13   3.90625683E-13   4.03716855E-13   4.22886633E-13   4.47215209E-13   4.76151074E-13   5.09364035E-13   5.46662704E-13   5.87945870E-13   6.33173093E-13   6.82345456E-13   7.35493697E-13   7.92669587E-13
   4.26418796E-12   3.69581145E-12   2.04003849E-12   1.29400689E-12   9.74485683E-13   8.27379289E-13   7.60518818E-13   7.37045028E-13   7.40340515E-13   7.62148591E-13   7.98059156E-13   8.45596325E-13   9.03330416E-13   9.70432502E-13   1.04643638E-12   1.13110389E-12   1.22434615E-12   1.32617420E-12   1.43666838E-12   1.55595762E-12   1.68420627E-12
   6.73788933E-12   5.95737912E-12   3.41297108E-12   2.24391946E-12   1.74366034E-12   1.52073243E-12   1.43019125E-12   1.41336172E-12   1.44361107E-12   1.50768688E-12   1.59854692E-12   1.71229448E-12   1.84674520E-12   2.00070212E-12   2.17356818E-12   2.36512437E-12   2.57539910E-12   2.80458729E-12   3.05299861E-12   3.32102379E-12   3.60911192E-12
   1.06523679E-11   9.65689161E-12   5.77491180E-12   3.94658958E-12   3.16764106E-12   2.83817024E-12   2.73006466E-12   2.74962713E-12   2.85403016E-12   3.02197091E-12   3.24223742E-12   3.50877162E-12   3.81833757E-12   4.16933805E-12   4.56117132E-12   4.99386687E-12   5.46786661E-12   5.98388960E-12   6.54284482E-12   7.14577572E-12   7.79381854E-12
   1.68526356E-11   1.57509682E-11   9.88737130E-12   7.04108993E-12   5.84153169E-12   5.37645362E-12   5.28708414E-12   5.42353358E-12   5.71682805E-12   6.13276964E-12   6.65365202E-12   7.27026599E-12   7.97808694E-12   8.77531728E-12   9.66182603E-12   1.06385361E-11   1.17070555E-11   1.28694512E-11   1.41281041E-11   1.54856076E-11   1.69447026E-11
   2.66845088E-11   2.58593251E-11   1.71309494E-11   1.27400607E-11   1.09305499E-11   1.03314857E-11   1.03804335E-11   1.08377821E-11   1.15926088E-11   1.25903272E-11   1.38034115E-11   1.52184047E-11   1.68296488E-11   1.86360493E-11   2.06392941E-11   2.28428231E-11   2.52512091E-11   2.78697742E-11   3.07043349E-11   3.37610391E-11   3.70462445E-11
   4.22953512E-11   4.27357386E-11   3.00264154E-11   2.33648118E-11   2.07374048E-11   2.01217081E-11   2.06426785E-11   2.19190725E-11   2.37735751E-11   2.61200887E-11   2.89169591E-11   3.21458554E-11   3.58014451E-11   3.98859938E-11   4.44063987E-11   4.93724332E-11   5.47957062E-11   6.06889955E-11   6.70657974E-11   7.39400624E-11   8.13259529E-11
   6.71180125E-11   7.10732584E-11   5.31982756E-11   4.33882756E-11   3.98454707E-11   3.96724875E-11   4.15274412E-11   4.48102284E-11   4.92409447E-11   5.46866198E-11   6.10870035E-11   6.84203666E-11   7.66865044E-11   8.58977958E-11   9.60741486E-11   1.07240064E-10   1.19422819E-10   1.32651265E-10   1.46955129E-10   1.62364358E-10   1.78908804E-10
   1.06651438E-10   1.18874369E-10   9.51467308E-11   8.14613238E-11   7.74175030E-11   7.90576007E-11   8.43747086E-11   9.24428450E-11   1.02829946E-10   1.15337642E-10   1.29885352E-10   1.46455389E-10   1.65065170E-10   1.85752302E-10   2.08566081E-10   2.33562419E-10   2.60800520E-10   2.90340946E-10   3.22243926E-10   3.56568358E-10   3.93371058E-10
   1.69724179E-10   1.99768896E-10   1.71473710E-10   1.54315227E-10   1.51781809E-10   1.58888958E-10   1.72758405E-10   1.92009159E-10   2.15998844E-10   2.44448239E-10   2.77264600E-10   3.14455073E-10   3.56081664E-10   4.02236300E-10   4.53026422E-10   5.08565801E-10   5.68968817E-10   6.34346131E-10   7.04801661E-10   7.80430109E-10   8.61314853E-10
   2.70549305E-10   3.36914080E-10   3.10670462E-10   2.94160446E-10   2.99440112E-10   3.21138449E-10   3.55410451E-10   4.00311506E-10   4.54944998E-10   5.18954602E-10   5.92265514E-10   6.74951373E-10   7.67161890E-10   8.69081418E-10   9.80903692E-10   1.10281517E-09   1.23498323E-09   1.37754697E-09   1.53060942E-09   1.69423098E-09   1.86842208E-09
   4.32089781E-10   5.69535308E-10   5.64309210E-10   5.62385971E-10   5.92319194E-10   6.50305088E-10   7.31833094E-10   8.34425751E-10   9.56957402E-10   1.09903986E-09   1.26066702E-09   1.44201651E-09   1.64333636E-09   1.86487470E-09   2.10683337E-09   2.36933362E-09   2.65238875E-09   2.95587954E-09   3.27953309E-09   3.62290198E-09   3.98534805E-09
   6.91619928E-10   9.63904845E-10   1.02462683E-09   1.07414511E-09   1.16967291E-09   1.31332956E-09   1.50118062E-09   1.73061543E-09   2.00043915E-09   2.31027997E-09   2.66014766E-09   3.05015169E-09   3.48032136E-09   3.95047772E-09   4.46013804E-09   5.00843100E-09   5.59403190E-09   6.21510177E-09   6.86924739E-09   7.55350005E-09   8.26431723E-09
   1.11001486E-09   1.63187774E-09   1.85433691E-09   2.04099893E-09   2.29471220E-09   2.63162181E-09   3.05131498E-09   3.55204000E-09   4.13268486E-09   4.79252105E-09   5.53072832E-09   6.34599573E-09   7.23620408E-09   8.19816748E-09   9.22742238E-09   1.03180815E-08   1.14627570E-08   1.26525901E-08   1.38773810E-08   1.51258419E-08   1.63859486E-08
   1.78743786E-09   2.76249357E-09   3.33681882E-09   3.84299348E-09   4.45151827E-09   5.20548493E-09   6.11306206E-09   7.17447080E-09   8.38756353E-09   9.74842251E-09   1.12508936E-08   1.28859456E-08   1.46411185E-08   1.65001630E-08   1.84430000E-08   2.04460715E-08   2.24831194E-08   2.45263170E-08   2.65476903E-08   2.85205939E-08   3.04210879E-08
   2.89007263E-09   4.67645833E-09   5.96147043E-09   7.15005966E-09   8.50782822E-09   1.01220472E-08   1.20148380E-08   1.41860932E-08   1.66247052E-08   1.93105123E-08   2.22138752E-08   2.52951367E-08   2.85049566E-08   3.17859943E-08   3.50760345E-08   3.83121765E-08   4.14354346E-08   4.43949126E-08   4.71508841E-08   4.96763235E-08   5.19569134E-08
   4.69592498E-09   7.92098387E-09   1.05722986E-08   1.31304594E-08   1.59890039E-08   1.92958751E-08   2.30837376E-08   2.73325025E-08   3.19880122E-08   3.69667461E-08   4.21588666E-08   4.74344333E-08   5.26539914E-08   5.76821790E-08   6.24013694E-08   6.67221869E-08   7.05887544E-08   7.39783630E-08   7.68967112E-08   7.93707571E-08   8.14410228E-08
   7.67347164E-09   1.34357894E-08   1.86309617E-08   2.38141489E-08   2.95388425E-08   3.60110590E-08   4.32304468E-08   5.10756841E-08   5.93381806E-08   6.77464556E-08   7.59992460E-08   8.38074925E-08   9.09348685E-08   9.72250120E-08   1.02609100E-07   1.07095516E-07   1.10748928E-07   1.13666871E-07   1.15959722E-07   1.17736391E-07   1.19095908E-07
   1.26170105E-08   2.28422792E-08   3.26753415E-08   4.27088800E-08   5.36560663E-08   6.56983659E-08   7.86263712E-08   9.19752807E-08   1.05136969E-07   1.17488547E-07   1.28521066E-07   1.37925824E-07   1.45612759E-07   1.51670278E-07   1.56297673E-07   1.59739926E-07   1.62240838E-07   1.64016711E-07   1.65246234E-07   1.66070222E-07   1.66596109E-07
   2.08803819E-08   3.89310628E-08   5.70595553E-08   7.57274208E-08   9.56638857E-08   1.16685314E-07   1.37883660E-07   1.58009385E-07   1.75893334E-07   1.90782387E-07   2.02460498E-07   2.11156035E-07   2.17347917E-07   2.21585381E-07   2.24374077E-07   2.26127085E-07   2.27157926E-07   2.27693519E-07   2.27893182E-07   2.27866565E-07   2.27688318E-07
   3.47793758E-08   6.64163409E-08   9.89469697E-08   1.32195112E-07   1.66310002E-07   1.99818899E-07   2.30352981E-07   2.55864990E-07   2.75443739E-07   2.89365147E-07   2.98624599E-07   3.04413135E-07   3.07792703E-07   3.09578837E-07   3.10345399E-07   3.10474945E-07   3.10214148E-07   3.09718814E-07   3.09086175E-07   3.08376542E-07   3.07627204E-07
   5.82817989E-08   1.13025791E-07   1.69402654E-07   2.25343172E-07   2.78814213E-07   3.25698181E-07   3.62508899E-07   3.88400679E-07   4.04896667E-07   4.14485868E-07   4.19507927E-07   4.21715157E-07   4.22268442E-07   4.21884181E-07   4.20986396E-07   4.19819969E-07   4.18524422E-07   4.17178512E-07   4.15826463E-07   4.14492916E-07   4.13191287E-07
   9.82195871E-08   1.91326620E-07   2.85020036E-07   3.72423500E-07   4.46780319E-07   5.02078763E-07   5.37815822E-07   5.58125407E-07   5.68258429E-07   5.72411182E-07   5.73302430E-07   5.72507759E-07   5.70885334E-07   5.68886833E-07   5.66745030E-07   5.64578272E-07   5.62445678E-07   5.60375895E-07   5.58381657E-07   5.56467569E-07   5.54633971E-07
   1.66386243E-07   3.21607331E-07   4.69635438E-07   5.93456036E-07   6.82057021E-07   7.35251490E-07   7.62336015E-07   7.73841407E-07   7.77198011E-07   7.76630998E-07   7.74293142E-07   7.71220641E-07   7.67897632E-07   7.64546257E-07   7.61266563E-07   7.58101976E-07   7.55069379E-07   7.52173150E-07   7.49411697E-07   7.46780529E-07   7.44273734E-07
   2.82694259E-07   5.33844741E-07   7.51165601E-07   9.04915908E-07   9.92840000E-07   1.03378886E-06   1.04889853E-06   1.05183881E-06   1.04955654E-06   1.04520893E-06   1.04016294E-06   1.03499849E-06   1.02995739E-06   1.02513604E-06   1.02056697E-06   1.01625403E-06   1.01218836E-06   1.00835564E-06   1.00473949E-06   1.00132354E-06   9.98091878E-07
   4.79634025E-07   8.68085465E-07   1.15668627E-06   1.32023035E-06   1.39252688E-06   1.41711928E-06   1.42109798E-06   1.41701287E-06   1.41002010E-06   1.40216412E-06   1.39425674E-06   1.38662040E-06   1.37937695E-06   1.37256256E-06   1.36617496E-06   1.36019526E-06   1.35459777E-06   1.34935499E-06   1.34443928E-06   1.33982462E-06   1.33548690E-06
   8.08424545E-07   1.37280051E-06   1.71199304E-06   1.86066757E-06   1.91027948E-06   1.91983122E-06   1.91483628E-06   1.90486571E-06   1.89344587E-06   1.88192155E-06   1.87082219E-06   1.86034913E-06   1.85056092E-06   1.84145131E-06   1.83298505E-06   1.82511485E-06   1.81779069E-06   1.81096368E-06   1.80458835E-06   1.79862332E-06   1.79303140E-06
   1.34382856E-06   2.09819336E-06   2.44767216E-06   2.56469070E-06   2.59117724E-06   2.58706405E-06   2.57314446E-06   2.55652026E-06   2.53971848E-06   2.52365408E-06   2.50862877E-06   2.49470031E-06   2.48182755E-06   2.46993363E-06   2.45893170E-06   2.44873627E-06   2.43926866E-06   2.43045770E-06   2.42223950E-06   2.41455791E-06   2.40736313E-06
   2.18157879E-06   3.09359439E-06   3.41295959E-06   3.49391735E-06   3.49936840E-06   3.48166645E-06   3.45736680E-06   3.43213469E-06   3.40799943E-06   3.38563382E-06   3.36517064E-06   3.34652691E-06   3.32954141E-06   3.31403453E-06   3.29983231E-06   3.28677766E-06   3.27473231E-06   3.26357667E-06   3.25320866E-06   3.24354141E-06   3.23450013E-06
   3.43107513E-06   4.42402416E-06   4.68744338E-06   4.73094178E-06   4.71312842E-06   4.67845985E-06   4.64067398E-06   4.60430738E-06   4.57076658E-06   4.54032352E-06   4.51283631E-06   4.48802894E-06   4.46560034E-06   4.44526449E-06   4.42676310E-06   4.40986878E-06   4.39438463E-06   4.38013922E-06   4.36698610E-06   4.35479706E-06   4.34346293E-06
   5.20964568E-06   6.18943750E-06   6.38306074E-06   6.38485790E-06   6.33865147E-06   6.28252292E-06   6.22775542E-06   6.17752903E-06   6.13236671E-06   6.09194376E-06   6.05571813E-06   6.02314549E-06   5.99374152E-06   5.96709242E-06   5.94285029E-06   5.92072092E-06   5.90045465E-06   5.88183821E-06   5.86468741E-06   5.84884219E-06   5.83416386E-06
   7.65044842E-06   8.53135498E-06   8.64158847E-06   8.59258398E-06   8.51074856E-06   8.42767258E-06   8.35169885E-06   8.28435350E-06   8.22510992E-06   8.17293403E-06   8.12677808E-06   8.08572349E-06   8.04899810E-06   8.01596434E-06   7.98609290E-06   7.95894721E-06   7.93416257E-06   7.91143430E-06   7.89050591E-06   7.87115914E-06   7.85321026E-06
   1.09316843E-05   1.16411547E-05   1.16500669E-05   1.15403445E-05   1.14170534E-05   1.13030192E-05   1.12025118E-05   1.11149729E-05   1.10386954E-05   1.09718894E-05   1.09129896E-05   1.08606946E-05   1.08139511E-05   1.07719070E-05   1.07338710E-05   1.06992784E-05   1.06676680E-05   1.06386569E-05   1.06119260E-05   1.05872059E-05   1.05642703E-05
   1.53028504E-05   1.57756476E-05   1.56626575E-05   1.54805457E-05   1.53070268E-05   1.51546928E-05   1.50235937E-05   1.49111047E-05   1.48142499E-05   1.47303126E-05   1.46569901E-05   1.45923941E-05   1.45350050E-05   1.44836104E-05   1.44372452E-05   1.43951420E-05   1.43566867E-05   1.43213820E-05   1.42888248E-05   1.42586823E-05   1.42306753E-05
   2.11135102E-05   2.12852901E-05   2.10255748E-05   2.07561297E-05   2.05223605E-05   2.03246182E-05   2.01572693E-05   2.00146351E-05   1.98919879E-05   1.97855843E-05   1.96924884E-05   1.96103956E-05   1.95374832E-05   1.94722870E-05   1.94136319E-05   1.93605538E-05   1.93122651E-05   1.92681146E-05   1.92275620E-05   1.91901527E-05   1.91555064E-05
   2.88388019E-05   2.86444356E-05   2.82107248E-05   2.78369916E-05   2.75304064E-05   2.72772431E-05   2.70657220E-05   2.68869971E-05   2.67344276E-05   2.66029401E-05   2.64885875E-05   2.63882612E-05   2.62994890E-05   2.62203066E-05   2.61491405E-05   2.60847264E-05   2.60260531E-05   2.59723001E-05   2.59228018E-05   2.58770087E-05   2.58344717E-05
   3.91167705E-05   3.84843952E-05   3.78405421E-05   3.73396433E-05   3.69453628E-05   3.66268869E-05   3.63641120E-05   3.61435050E-05   3.59555597E-05   3.57933859E-05   3.56518831E-05   3.55271914E-05   3.54163421E-05   3.53170326E-05   3.52274437E-05   3.51461240E-05   3.50719092E-05   3.50038499E-05   3.49411639E-05   3.48832000E-05   3.48294197E-05
   5.28069868E-05   5.16611763E-05   5.07702680E-05   5.01200593E-05   4.96223838E-05   4.92260006E-05   4.89013437E-05   4.86297758E-05   4.83987169E-05   4.81992683E-05   4.80249837E-05   4.78710790E-05   4.77339454E-05   4.76108071E-05   4.74995068E-05   4.73983200E-05   4.73058644E-05   4.72210049E-05   4.71428066E-05   4.70704872E-05   4.70033810E-05
   7.10676832E-05   6.93241527E-05   6.81327219E-05   6.72909082E-05   6.66545238E-05   6.61513259E-05   6.57418495E-05   6.54016403E-05   6.51141963E-05   6.48677669E-05   6.46537228E-05   6.44656393E-05   6.42986561E-05   6.41490406E-05   6.40139551E-05   6.38911442E-05   6.37788471E-05   6.36756595E-05   6.35804317E-05   6.34922108E-05   6.34102107E-05
   9.54631905E-05   9.30253882E-05   9.14748816E-05   9.04058761E-05   8.96076017E-05   8.89794683E-05   8.84683759E-05   8.80428488E-05   8.76824270E-05   8.73729223E-05   8.71040320E-05   8.68680363E-05   8.66590563E-05   8.64724934E-05   8.63047317E-05   8.61528970E-05   8.60146683E-05   8.58881831E-05   8.57718987E-05   8.56645347E-05   8.55650505E-05
   1.28119282E-04   1.24866623E-04   1.22880927E-04   1.21529694E-04   1.20528086E-04   1.19745288E-04   1.19112578E-04   1.18588650E-04   1.18146323E-04   1.17766787E-04   1.17436663E-04   1.17146206E-04   1.16888179E-04   1.16657124E-04   1.16448813E-04   1.16259922E-04   1.16087773E-04   1.15930197E-04   1.15785399E-04   1.15651848E-04   1.15528288E-04
   1.71900625E-04   1.67683276E-04   1.65174613E-04   1.63488119E-04   1.62247452E-04   1.61280681E-04   1.60498850E-04   1.59850155E-04   1.59301562E-04   1.58830648E-04   1.58421419E-04   1.58062103E-04   1.57743765E-04   1.57459508E-04   1.57203904E-04   1.56972616E-04   1.56762180E-04   1.56569746E-04   1.56392940E-04   1.56229857E-04   1.56078837E-04
   2.30658203E-04   2.25294847E-04   2.22145143E-04   2.20038419E-04   2.18494810E-04   2.17296169E-04   2.16329849E-04   2.15530294E-04   2.14855696E-04   2.14277621E-04   2.13775842E-04   2.13335530E-04   2.12945553E-04   2.12597370E-04   2.12284343E-04   2.12001192E-04   2.11743682E-04   2.11508348E-04   2.11292325E-04   2.11093226E-04   2.10909056E-04
   3.09618597E-04   3.02880857E-04   2.98958592E-04   2.96347018E-04   2.94439466E-04   2.92960933E-04   2.91769829E-04   2.90784345E-04   2.89952877E-04   2.89240503E-04   2.88622396E-04   2.88080366E-04   2.87600647E-04   2.87172705E-04   2.86788243E-04   2.86440772E-04   2.86124996E-04   2.85836635E-04   2.85572227E-04   2.85328773E-04   2.85103859E-04
