          51          21   2.0000000000000000     
   1.0000000000000000E-002   1.1641812487720175E-002   1.3553179799923739E-002   1.5778357784306894E-002   1.8368868268906078E-002   2.1384691999823766E-002   2.4895657436959789E-002   2.8983057563960208E-002   3.3741532148042465E-002   3.9281259031589244E-002   4.5730505192732654E-002   5.3238596642250703E-002   6.1979375921845159E-002   7.2155227258804008E-002   8.4001762575583117E-002   9.7793276854292871E-002  0.11384909916973830       0.13254098644299517       0.15430173111068116       0.17963518201211676       0.20912791051825472       0.24346279202022450       0.28343481724362679       0.32996949948415394       0.38414430396613991       0.44721359549995821       0.52063768207696526       0.60611662687812962       0.70562961158046389       0.82148076238025802       0.95635249979003722        1.1133676474718066        1.2961617381760906        1.5089671909603490        1.7567113087282231        2.0451303651271471        2.3809024223752950        2.7718019552851909        3.2268798616526313        3.7566730269760371        4.3734482957731151        5.0914864984129942        5.9274131098283087        6.9005831961875446        8.0335295625928111        9.3524844782262218        10.887987058982308        12.675590370939595        14.756684626963009        17.179455536752620        20.000000000000004     
   3.3238792007299199E-002   3.8695978386730938E-002   4.5049132440719411E-002   5.2445355260932712E-002   6.1055899179964727E-002   7.1080132952229730E-002   8.2750157943207794E-002   9.6336182210405324E-002  0.11215277690763829       0.13056615987358380       0.15200267504899567       0.17695866405522687       0.20601195850084195       0.23983525910947920       0.27921171144963369       0.32505303890720677       0.37842065275213116       0.44055022808209793       0.51288031467541395       0.59708564520940832       0.69511591206373469       0.80924091054765857       0.94210309379877721        1.0967787562106412        1.2768492620319245        1.4864839683659548        1.7305367625718615        2.0146584492967925        2.3454275893514360        2.7305028198754973        3.1788001826181698        3.7006995661971400        4.3082850423054477        5.0156246606169574        5.8390961807687782        6.7977662834273112        7.9138320407007265        9.2131348677149703        10.725758855401423        12.486727338308759        14.536813825787974        16.923486072872162        19.702005149892170        22.936704958714174        26.702481821551178        31.086528632325557        36.190353723167824        42.132131190938573        49.049437103293307        57.102434938476499        66.477584014598406     
   200.00000000000000        290.00000000000000        380.00000000000000        470.00000000000000        560.00000000000000        650.00000000000000        740.00000000000000        830.00000000000000        920.00000000000000        1010.0000000000000        1100.0000000000000        1190.0000000000000        1280.0000000000000        1370.0000000000000        1460.0000000000000        1550.0000000000000        1640.0000000000000        1730.0000000000000        1820.0000000000000        1910.0000000000000        2000.0000000000000     
   7.64877086E-07   1.58092041E-06   2.81176153E-06   4.57670740E-06   7.00390547E-06   1.02224121E-05   1.43607722E-05   1.95470730E-05   2.59091230E-05   3.35745717E-05   4.26709666E-05   5.33257989E-05   6.56664924E-05   7.98204419E-05   9.59149911E-05   1.14077448E-04   1.34435060E-04   1.57115050E-04   1.82244534E-04   2.09950624E-04   2.40360328E-04
   1.20683262E-06   2.49437335E-06   4.43635736E-06   7.22101868E-06   1.10505371E-05   1.61285207E-05   2.26577631E-05   3.08403287E-05   4.08778360E-05   5.29716308E-05   6.73228933E-05   8.41326691E-05   1.03601924E-04   1.25931503E-04   1.51322165E-04   1.79974581E-04   2.12089260E-04   2.47866643E-04   2.87507020E-04   3.31210467E-04   3.79176985E-04
   1.90414539E-06   3.93558366E-06   6.99953989E-06   1.13929891E-05   1.74349007E-05   2.54464812E-05   3.57476456E-05   4.86571298E-05   6.44929387E-05   8.35726241E-05   1.06213425E-04   1.32732341E-04   1.63446151E-04   1.98671434E-04   2.38724504E-04   2.83921458E-04   3.34578130E-04   3.91009962E-04   4.53532179E-04   5.22459508E-04   5.98106300E-04
   3.00434635E-06   6.20942865E-06   1.10434703E-05   1.79749823E-05   2.75071616E-05   4.01467041E-05   5.63982248E-05   7.67644378E-05   1.01746824E-04   1.31846071E-04   1.67562292E-04   2.09395090E-04   2.57843581E-04   3.13406403E-04   3.76581593E-04   4.47866652E-04   5.27758326E-04   6.16752659E-04   7.15344853E-04   8.24029092E-04   9.43298568E-04
   4.74018771E-06   9.79686411E-06   1.74233664E-05   2.83587833E-05   4.33968780E-05   6.33368691E-05   8.89745716E-05   1.21102690E-04   1.60511830E-04   2.07991150E-04   2.64328613E-04   3.30311159E-04   4.06724517E-04   4.94353357E-04   5.93980891E-04   7.06388906E-04   8.32357502E-04   9.72664915E-04   1.12808729E-03   1.29939837E-03   1.48736942E-03
   7.47885588E-06   1.54565605E-05   2.74881440E-05   4.47394414E-05   6.84624247E-05   9.99174736E-05   1.40359378E-04   1.91037703E-04   2.53198290E-04   3.28084192E-04   4.16936004E-04   5.20991918E-04   6.41487481E-04   7.79655413E-04   9.36725119E-04   1.11392234E-03   1.31246867E-03   1.53358118E-03   1.77847152E-03   2.04834598E-03   2.34440411E-03
   1.17995824E-05   2.43851391E-05   4.33651257E-05   7.05782804E-05   1.07998931E-04   1.57614224E-04   2.21401904E-04   3.01330670E-04   3.99362325E-04   5.17453125E-04   6.57553959E-04   8.21609923E-04   1.01155997E-03   1.22933614E-03   1.47686235E-03   1.75605330E-03   2.06881389E-03   2.41703726E-03   2.80260365E-03   3.22737964E-03   3.69321601E-03
   1.86160232E-05   3.84697341E-05   6.84085826E-05   1.11332047E-04   1.70352781E-04   2.48602533E-04   3.49196751E-04   4.75234643E-04   6.29802234E-04   8.15973443E-04   1.03681022E-03   1.29536085E-03   1.59465871E-03   1.93771999E-03   2.32754112E-03   2.76709627E-03   3.25933401E-03   3.80717567E-03   4.41351021E-03   5.08119259E-03   5.81303937E-03
   2.93691774E-05   6.06858885E-05   1.07905995E-04   1.75600362E-04   2.68674281E-04   3.92060494E-04   5.50662284E-04   7.49352563E-04   9.92977293E-04   1.28635589E-03   1.63427938E-03   2.04150681E-03   2.51275999E-03   3.05271870E-03   3.66601441E-03   4.35722386E-03   5.13086142E-03   5.99137321E-03   6.94312807E-03   7.99041055E-03   9.13741067E-03
   4.63313954E-05   9.57240263E-05   1.70189101E-04   2.76929233E-04   4.23670135E-04   6.18174032E-04   8.68147530E-04   1.18123752E-03   1.56503334E-03   2.02706386E-03   2.57479004E-03   3.21559515E-03   3.95677239E-03   4.80551179E-03   5.76888444E-03   6.85382728E-03   8.06712639E-03   9.41540115E-03   1.09050823E-02   1.25423977E-02   1.43333524E-02
   7.30852262E-05   1.50975058E-04   2.68379634E-04   4.36641451E-04   6.67916960E-04   9.74403403E-04   1.36818807E-03   1.86123466E-03   2.46537919E-03   3.19231534E-03   4.05357499E-03   5.06050000E-03   6.22421363E-03   7.55558629E-03   9.06519871E-03   1.07633090E-02   1.26598077E-02   1.47641851E-02   1.70854814E-02   1.96322594E-02   2.24125497E-02
   1.15277100E-04   2.38079025E-04   4.23127552E-04   6.88267639E-04   1.05260010E-03   1.53524906E-03   2.15511024E-03   2.93081254E-03   3.88069125E-03   5.02274605E-03   6.37458358E-03   7.95335136E-03   9.77566559E-03   1.18575310E-02   1.42142558E-02   1.68603733E-02   1.98095478E-02   2.30744947E-02   2.66668908E-02   3.05972956E-02   3.48750614E-02
   1.81802461E-04   3.75354313E-04   6.66895241E-04   1.08445960E-03   1.65799353E-03   2.41738022E-03   3.39200604E-03   4.61066095E-03   6.10144949E-03   7.89167266E-03   1.00076860E-02   1.24747399E-02   1.53168039E-02   1.85563918E-02   2.22143754E-02   2.63098050E-02   3.08597255E-02   3.58790085E-02   4.13802043E-02   4.73733693E-02   5.38659692E-02
   2.86666735E-04   5.91598917E-04   1.05063547E-03   1.70772069E-03   2.60964618E-03   3.80285713E-03   5.33268601E-03   7.24309543E-03   9.57643148E-03   1.23731233E-02   1.56713370E-02   1.95066091E-02   2.39114575E-02   2.89150104E-02   3.45426127E-02   4.08154987E-02   4.77504469E-02   5.53595275E-02   6.36498630E-02   7.26234764E-02   8.22771788E-02
   4.51901695E-04   9.32017341E-04   1.65414426E-03   2.68693455E-03   4.10311762E-03   5.97427925E-03   8.36945046E-03   1.13544781E-02   1.49913915E-02   1.93376783E-02   2.44455040E-02   3.03609129E-02   3.71230431E-02   4.47633937E-02   5.33051752E-02   6.27627820E-02   7.31413811E-02   8.44366848E-02   9.66349021E-02  0.109712847      0.123638295    
   7.12122477E-04   1.46741315E-03   2.60198303E-03   4.22252994E-03   6.44117780E-03   9.36680939E-03   1.31023787E-02   1.77434087E-02   2.33764872E-02   3.00776400E-02   3.79107036E-02   4.69257757E-02   5.71578331E-02   6.86256737E-02   8.13311264E-02   9.52587724E-02  0.110376023      0.126633719      0.143967196      0.162297711      0.181534305    
   1.12161890E-03   2.30833865E-03   4.08766605E-03   6.62411004E-03   1.00883273E-02   1.46424547E-02   2.04348490E-02   2.75966879E-02   3.62386443E-02   4.64476049E-02   5.82837202E-02   7.17779845E-02   8.69306996E-02  0.103710860      0.122056670      0.141877219      0.163055182      0.185450509      0.208904833      0.233246341      0.258295000    
   1.76532194E-03   3.62661947E-03   6.40972424E-03   1.03651555E-02   1.57474354E-02   2.27897689E-02   3.16936858E-02   4.26218435E-02   5.56915179E-02   7.09690899E-02   8.84661898E-02  0.108138055      0.129884526      0.153553680      0.178948149      0.205833405      0.233947620      0.263012290      0.292742878      0.322858632      0.353091359    
   2.77560833E-03   5.68752829E-03   1.00238994E-02   1.61589049E-02   2.44599096E-02   3.52431424E-02   4.87537757E-02   6.51524439E-02   8.45050588E-02  0.106777169      0.131834030      0.159447044      0.189306349      0.221038416      0.254226923      0.288434833      0.323225677      0.358182371      0.392922044      0.427106798      0.460450023    
   4.35769837E-03   8.89654085E-03   1.56150730E-02   2.50552781E-02   3.77193205E-02   5.39919958E-02   7.41055012E-02   9.81196314E-02  0.125914142      0.157195255      0.191516861      0.228314415      0.266947120      0.306743115      0.347041965      0.387230307      0.426767886      0.465203136      0.502179384      0.537433028      0.570786119    
   6.82722265E-03   1.38642332E-02   2.41880491E-02   3.85455489E-02   5.75602949E-02   8.16012844E-02  0.110731699      0.144697338      0.182949588      0.224700734      0.269003510      0.314841449      0.361215562      0.407215148      0.452066213      0.495156229      0.536038041      0.574418604      0.610138357      0.643146098      0.673474073    
   1.06639033E-02   2.14892682E-02   3.71628664E-02   5.86306117E-02   8.65300745E-02  0.120988257      0.161581665      0.207390860      0.257126331      0.309298366      0.362394542      0.415030152      0.466050595      0.514580011      0.560024381      0.602042437      0.640500307      0.675421476      0.706939578      0.735258758      0.760622740    
   1.65838953E-02   3.30479033E-02   5.64288348E-02   8.77506584E-02  0.127372175      0.174736589      0.228448913      0.286531001      0.346759707      0.406994522      0.465421140      0.520679176      0.571883380      0.618571579      0.660615802      0.698126853      0.731368661      0.760690451      0.786477506      0.809118509      0.828984857    
   2.56270152E-02   5.02502397E-02   8.42518285E-02  0.128395140      0.182205290      0.243811473      0.310375214      0.378722936      0.445931494      0.509710789      0.568543553      0.621636331      0.668769062      0.710117698      0.746096909      0.777239621      0.804114819      0.827277124      0.847239196      0.864459157      0.879337668    
   3.92373428E-02   7.51669034E-02  0.122847654      0.182179153      0.251123756      0.325966865      0.402384013      0.476475418      0.545386314      0.607458889      0.662064314      0.709304631      0.749718666      0.784055114      0.813120782      0.837692678      0.858474135      0.876078367      0.891027868      0.903761089      0.914642811    
   5.92758842E-02  0.109848700      0.173415333      0.248387799      0.330699027      0.414886981      0.495864272      0.570023358      0.635480940      0.691765368      0.739323139      0.779076099      0.812112689      0.839507043      0.862229824      0.881116152      0.896863580      0.910044909      0.921125829      0.930482864      0.938420177    
   8.78375396E-02  0.155460313      0.234763324      0.322769731      0.413776994      0.501524746      0.581348777      0.650862634      0.709589839      0.758247793      0.798112392      0.830600619      0.857046902      0.878610075      0.896252275      0.910752356      0.922731638      0.932682633      0.940994620      0.947975457      0.953869283    
  0.126712054      0.211196646      0.302763283      0.398511469      0.492259443      0.578127921      0.652715445      0.715134799      0.766149640      0.807293952      0.840283632      0.866713226      0.887939334      0.905063331      0.918956697      0.930299878      0.939621329      0.947331190      0.953748107      0.959120870      0.963644683    
  0.176515982      0.274158418      0.372317344      0.470069289      0.561633706      0.642132223      0.709591687      0.764387786      0.808115721      0.842732191      0.870094419      0.891780078      0.909055769      0.922908902      0.934098005      0.943202853      0.950666130      0.956827044      0.961946726      0.966227591      0.969827294    
  0.235712513      0.339991957      0.438967764      0.534240782      0.620527744      0.694013953      0.753944457      0.801579118      0.838969588      0.868213177      0.891130924      0.909187317      0.923515856      0.934977889      0.944223046      0.951741278      0.957903087      0.962990463      0.967219293      0.970756173      0.973730743    
  0.299575299      0.402227551      0.497019470      0.586820364      0.666390836      0.732698739      0.785811305      0.827468216      0.859871149      0.885070264      0.904756248      0.920245528      0.932535708      0.942374110      0.950319409      0.956790268      0.962102234      0.966494799      0.970151186      0.973212838      0.975789726    
  0.361164719      0.454829007      0.542431414      0.625582695      0.698483944      0.758522034      0.806192756      0.843390822      0.872265577      0.894723892      0.912296832      0.926158547      0.937190950      0.946051896      0.953232169      0.959099412      0.963930905      0.967937529      0.971280873      0.974086106      0.976450741    
  0.415047318      0.495680481      0.575101912      0.651600003      0.718581319      0.773602307      0.817279160      0.851434231      0.878047764      0.898845553      0.915203393      0.928174675      0.938551605      0.946927011      0.953744769      0.959338963      0.963962853      0.967809737      0.971028686      0.973735511      0.976020992    
  0.458169430      0.524445593      0.595704556      0.666070282      0.728187859      0.779552877      0.820635855      0.853026092      0.878473639      0.898519278      0.914403558      0.927085996      0.937295139      0.945581257      0.952359736      0.957945943      0.962580502      0.966448605      0.969693840      0.972428501      0.974740982    
  0.488758922      0.540933788      0.604473472      0.669552445      0.728093982      0.777250111      0.817114174      0.848936379      0.874213815      0.894317448      0.910380900      0.923298895      0.933762372      0.942300200      0.949316621      0.955121398      0.959953308      0.963997245      0.967397690      0.970268190      0.972698748    
  0.506475985      0.545949101      0.602670014      0.663606524      0.719930351      0.768218696      0.808052063      0.840300798      0.866216779      0.887026727      0.903786302      0.917351902      0.928398848      0.937452555      0.944920063      0.951116562      0.956287086      0.960622907      0.964274406      0.967360377      0.969975412    
  0.512416959      0.541673124      0.592977166      0.651045501      0.706328034      0.754757047      0.795383871      0.828716338      0.855788946      0.877712607      0.895489454      0.909957409      0.921791553      0.931525409      0.939577520      0.946275055      0.951874316      0.956576824      0.960541606      0.963895023      0.966737986    
  0.509763241      0.532314181      0.579980493      0.636288226      0.691218436      0.740201414      0.781864703      0.816424489      0.844741762      0.867836893      0.886672676      0.902076185      0.914725840      0.925165474      0.933825731      0.941046119      0.947094500      0.952182412      0.956477642      0.960114062      0.963198960    
  0.503059924      0.522942007      0.568738341      0.623956263      0.678598583      0.727898777      0.770249128      0.805676162      0.834913790      0.858906984      0.878578961      0.894739449      0.908062637      0.919094920      0.928272963      0.935943544      0.942381918      0.947806656      0.952392042      0.956277490      0.959575236    
  0.496779948      0.517302930      0.562240541      0.616354227      0.670215905      0.719168067      0.761535168      0.797231555      0.826888442      0.851374090      0.871559799      0.888223350      0.902020633      0.913488746      0.923060715      0.931083143      0.937832654      0.943530500      0.948353708      0.952444911      0.955919027    
  0.493741602      0.515821457      0.559553683      0.611914158      0.664309859      0.712296307      0.754166722      0.789725542      0.819488525      0.844229460      0.864751220      0.881785274      0.895958006      0.907788754      0.917700231      0.926033974      0.933064520      0.939012885      0.944056988      0.948340774      0.951981127    
  0.494430393      0.516910851      0.558396637      0.608288407      0.658729017      0.705414236      0.746560037      0.781830251      0.811603367      0.836542606      0.857370257      0.874762893      0.889310956      0.901511312      0.911773503      0.920431614      0.927756727      0.933968663      0.939245701      0.943732798      0.947548330    
  0.497944713      0.519511402      0.558071554      0.605089843      0.653291583      0.698460519      0.738717139      0.773576200      0.803272069      0.828350961      0.849448502      0.867180407      0.882096767      0.894668162      0.905288041      0.914280832      0.921912611      0.928400815      0.933923125      0.938625038      0.942626059    
  0.503167272      0.522924185      0.558177888      0.602071822      0.647833586      0.691316664      0.730543852      0.764880717      0.794416010      0.819575429      0.840903342      0.858950615      0.874222636      0.887160599      0.898139119      0.907471120      0.915416002      0.922187686      0.927962601      0.932886243      0.937078714    
  0.509127617      0.526483238      0.558229506      0.598871529      0.642079175      0.683767915      0.721867800      0.755601048      0.784913480      0.810109854      0.831641376      0.849990547      0.865615189      0.878924131      0.890270650      0.899954200      0.908226013      0.915295482      0.921336770      0.926494718      0.930889785    
  0.515161455      0.529933274      0.558152139      0.595495164      0.636067808      0.675862968      0.712733746      0.745770454      0.774782181      0.799954951      0.821645617      0.840266585      0.856225073      0.869894922      0.881605804      0.891641796      0.900244176      0.907616615      0.913930237      0.919328332      0.923931241    
  0.520930767      0.533137083      0.557889640      0.591928661      0.629808724      0.667622626      0.703166246      0.735412419      0.764042139      0.789126158      0.810927451      0.829786479      0.846057534      0.860076666      0.872147381      0.882535994      0.891472399      0.899152935      0.905744433      0.911388040      0.916203380    
  0.526341975      0.536074102      0.557464421      0.588221490      0.623365223      0.659113884      0.693228304      0.724579871      0.752732038      0.777645648      0.799491584      0.818537652      0.835083544      0.849425375      0.861838222      0.872568607      0.881833076      0.889819205      0.896688282      0.902578294      0.907607317    
  0.531343162      0.538747430      0.556916356      0.584438741      0.616816938      0.650422275      0.683003902      0.713350236      0.740919113      0.765568614      0.787380457      0.806550086      0.823321283      0.837948143      0.850675046      0.861726642      0.871304154      0.879584730      0.886722803      0.892852247      0.898088694    
  0.535879910      0.541158080      0.556284010      0.580646515      0.610247254      0.641639531      0.672586024      0.701811671      0.728682637      0.752962649      0.774648547      0.793865144      0.810799539      0.825662494      0.838665664      0.850009739      0.859878600      0.868437171      0.875831664      0.882190406      0.887625635    
  0.539994359      0.543342352      0.555621147      0.576919734      0.603746891      0.632865489      0.662077010      0.690063059      0.716112852      0.739905357      0.761358023      0.780527234      0.797544181      0.812575221      0.825798094      0.837387741      0.847509027      0.856313348      0.863937020      0.870501816      0.876115680    
