          51          21   2.0000000000000000     
   1.0000000000000000E-002   1.1641812487720175E-002   1.3553179799923739E-002   1.5778357784306894E-002   1.8368868268906078E-002   2.1384691999823766E-002   2.4895657436959789E-002   2.8983057563960208E-002   3.3741532148042465E-002   3.9281259031589244E-002   4.5730505192732654E-002   5.3238596642250703E-002   6.1979375921845159E-002   7.2155227258804008E-002   8.4001762575583117E-002   9.7793276854292871E-002  0.11384909916973830       0.13254098644299517       0.15430173111068116       0.17963518201211676       0.20912791051825472       0.24346279202022450       0.28343481724362679       0.32996949948415394       0.38414430396613991       0.44721359549995821       0.52063768207696526       0.60611662687812962       0.70562961158046389       0.82148076238025802       0.95635249979003722        1.1133676474718066        1.2961617381760906        1.5089671909603490        1.7567113087282231        2.0451303651271471        2.3809024223752950        2.7718019552851909        3.2268798616526313        3.7566730269760371        4.3734482957731151        5.0914864984129942        5.9274131098283087        6.9005831961875446        8.0335295625928111        9.3524844782262218        10.887987058982308        12.675590370939595        14.756684626963009        17.179455536752620        20.000000000000004     
   3.3238792007299199E-002   3.8695978386730938E-002   4.5049132440719411E-002   5.2445355260932712E-002   6.1055899179964727E-002   7.1080132952229730E-002   8.2750157943207794E-002   9.6336182210405324E-002  0.11215277690763829       0.13056615987358380       0.15200267504899567       0.17695866405522687       0.20601195850084195       0.23983525910947920       0.27921171144963369       0.32505303890720677       0.37842065275213116       0.44055022808209793       0.51288031467541395       0.59708564520940832       0.69511591206373469       0.80924091054765857       0.94210309379877721        1.0967787562106412        1.2768492620319245        1.4864839683659548        1.7305367625718615        2.0146584492967925        2.3454275893514360        2.7305028198754973        3.1788001826181698        3.7006995661971400        4.3082850423054477        5.0156246606169574        5.8390961807687782        6.7977662834273112        7.9138320407007265        9.2131348677149703        10.725758855401423        12.486727338308759        14.536813825787974        16.923486072872162        19.702005149892170        22.936704958714174        26.702481821551178        31.086528632325557        36.190353723167824        42.132131190938573        49.049437103293307        57.102434938476499        66.477584014598406     
   200.00000000000000        290.00000000000000        380.00000000000000        470.00000000000000        560.00000000000000        650.00000000000000        740.00000000000000        830.00000000000000        920.00000000000000        1010.0000000000000        1100.0000000000000        1190.0000000000000        1280.0000000000000        1370.0000000000000        1460.0000000000000        1550.0000000000000        1640.0000000000000        1730.0000000000000        1820.0000000000000        1910.0000000000000        2000.0000000000000     
   6.87625556E-09   6.96942770E-09   7.03026259E-09   7.07495396E-09   7.10943526E-09   7.13674719E-09   7.15879445E-09   7.17687865E-09   7.19192350E-09   7.20460003E-09   7.21540339E-09   7.22470528E-09   7.23278770E-09   7.23986959E-09   7.24612059E-09   7.25167570E-09   7.25664284E-09   7.26110816E-09   7.26514315E-09   7.26880600E-09   7.27214511E-09
   9.31951050E-09   9.44578815E-09   9.52823775E-09   9.58880886E-09   9.63554125E-09   9.67255787E-09   9.70243885E-09   9.72694814E-09   9.74733805E-09   9.76451808E-09   9.77915882E-09   9.79176562E-09   9.80271952E-09   9.81231629E-09   9.82078774E-09   9.82831594E-09   9.83504655E-09   9.84109860E-09   9.84656623E-09   9.85152937E-09   9.85605464E-09
   1.26308963E-08   1.28020412E-08   1.29137865E-08   1.29958782E-08   1.30592159E-08   1.31093838E-08   1.31498812E-08   1.31830982E-08   1.32107321E-08   1.32340148E-08   1.32538576E-08   1.32709417E-08   1.32857867E-08   1.32987923E-08   1.33102729E-08   1.33204745E-08   1.33295952E-08   1.33377958E-08   1.33452049E-08   1.33519302E-08   1.33580622E-08
   1.71188734E-08   1.73508266E-08   1.75022752E-08   1.76135355E-08   1.76993762E-08   1.77673698E-08   1.78222539E-08   1.78672721E-08   1.79047230E-08   1.79362782E-08   1.79631687E-08   1.79863200E-08   1.80064372E-08   1.80240622E-08   1.80396196E-08   1.80534432E-08   1.80658031E-08   1.80769142E-08   1.80869542E-08   1.80960669E-08   1.81043749E-08
   2.32015029E-08   2.35158701E-08   2.37211299E-08   2.38719196E-08   2.39882603E-08   2.40804106E-08   2.41547937E-08   2.42158045E-08   2.42665585E-08   2.43093208E-08   2.43457627E-08   2.43771368E-08   2.44043985E-08   2.44282816E-08   2.44493616E-08   2.44680933E-08   2.44848408E-08   2.44998954E-08   2.45134970E-08   2.45258445E-08   2.45370977E-08
   3.14453885E-08   3.18714513E-08   3.21496358E-08   3.23540021E-08   3.25116787E-08   3.26365672E-08   3.27373755E-08   3.28200578E-08   3.28888419E-08   3.29467902E-08   3.29961765E-08   3.30386882E-08   3.30756293E-08   3.31079910E-08   3.31365548E-08   3.31619319E-08   3.31846230E-08   3.32050192E-08   3.32234471E-08   3.32401733E-08   3.32554180E-08
   4.26184563E-08   4.31958895E-08   4.35729177E-08   4.38498908E-08   4.40635866E-08   4.42328414E-08   4.43694645E-08   4.44815136E-08   4.45747261E-08   4.46532553E-08   4.47201742E-08   4.47777815E-08   4.48278321E-08   4.48716797E-08   4.49103794E-08   4.49447626E-08   4.49755007E-08   4.50031301E-08   4.50280915E-08   4.50507471E-08   4.50713991E-08
   5.77614792E-08   5.85440603E-08   5.90550364E-08   5.94304197E-08   5.97200298E-08   5.99494143E-08   6.01345675E-08   6.02864176E-08   6.04127237E-08   6.05191346E-08   6.06098070E-08   6.06878672E-08   6.07556814E-08   6.08150827E-08   6.08675066E-08   6.09140827E-08   6.09557205E-08   6.09931448E-08   6.10269595E-08   6.10576407E-08   6.10856148E-08
   7.82850194E-08   7.93456252E-08   8.00381343E-08   8.05468829E-08   8.09393867E-08   8.12502492E-08   8.15011632E-08   8.17069363E-08   8.18780990E-08   8.20222823E-08   8.21451351E-08   8.22508852E-08   8.23427513E-08   8.24232274E-08   8.24942390E-08   8.25573281E-08   8.26137239E-08   8.26644140E-08   8.27102085E-08   8.27517681E-08   8.27896471E-08
   1.06100821E-07   1.07538199E-07   1.08476733E-07   1.09166223E-07   1.09698156E-07   1.10119444E-07   1.10459467E-07   1.10738306E-07   1.10970227E-07   1.11165576E-07   1.11332021E-07   1.11475281E-07   1.11599732E-07   1.11708736E-07   1.11804923E-07   1.11890373E-07   1.11966756E-07   1.12035409E-07   1.12097432E-07   1.12153721E-07   1.12205036E-07
   1.43799852E-07   1.45747805E-07   1.47019762E-07   1.47954196E-07   1.48675099E-07   1.49246020E-07   1.49706779E-07   1.50084603E-07   1.50398833E-07   1.50663510E-07   1.50888994E-07   1.51083057E-07   1.51251626E-07   1.51399277E-07   1.51529562E-07   1.51645310E-07   1.51748779E-07   1.51841775E-07   1.51925818E-07   1.52002087E-07   1.52071635E-07
   1.94893602E-07   1.97533453E-07   1.99257244E-07   2.00523644E-07   2.01500626E-07   2.02274322E-07   2.02898690E-07   2.03410636E-07   2.03836379E-07   2.04194933E-07   2.04500395E-07   2.04763282E-07   2.04991636E-07   2.05191654E-07   2.05368167E-07   2.05524998E-07   2.05665216E-07   2.05791295E-07   2.05905238E-07   2.06008721E-07   2.06103124E-07
   2.64141107E-07   2.67718548E-07   2.70054642E-07   2.71770944E-07   2.73094997E-07   2.74143474E-07   2.74989532E-07   2.75683192E-07   2.76260010E-07   2.76745794E-07   2.77159643E-07   2.77515824E-07   2.77825251E-07   2.78096309E-07   2.78335591E-07   2.78548271E-07   2.78738526E-07   2.78909681E-07   2.79064494E-07   2.79205210E-07   2.79333705E-07
   3.57992150E-07   3.62839927E-07   3.66005850E-07   3.68331911E-07   3.70126372E-07   3.71547287E-07   3.72693790E-07   3.73633753E-07   3.74415350E-07   3.75073654E-07   3.75634500E-07   3.76117328E-07   3.76536917E-07   3.76904666E-07   3.77229526E-07   3.77518489E-07   3.77777241E-07   3.78010270E-07   3.78221330E-07   3.78413461E-07   3.78589192E-07
   4.85187627E-07   4.91756680E-07   4.96047164E-07   4.99199814E-07   5.01631973E-07   5.03557771E-07   5.05111700E-07   5.06385675E-07   5.07445179E-07   5.08337735E-07   5.09098470E-07   5.09753761E-07   5.10323673E-07   5.10823725E-07   5.11265966E-07   5.11659891E-07   5.12013287E-07   5.12332178E-07   5.12621625E-07   5.12885777E-07   5.13128043E-07
   6.57573480E-07   6.66474477E-07   6.72289218E-07   6.76562593E-07   6.79859625E-07   6.82470500E-07   6.84577344E-07   6.86305043E-07   6.87742499E-07   6.88954231E-07   6.89987928E-07   6.90879460E-07   6.91655998E-07   6.92338574E-07   6.92943502E-07   6.93483798E-07   6.93969810E-07   6.94409835E-07   6.94810637E-07   6.95177903E-07   6.95516235E-07
   8.91202944E-07   9.03263242E-07   9.11144468E-07   9.16938291E-07   9.21409423E-07   9.24950882E-07   9.27809822E-07   9.30155863E-07   9.32109572E-07   9.33758713E-07   9.35168032E-07   9.36386130E-07   9.37449897E-07   9.38387814E-07   9.39222048E-07   9.39970164E-07   9.40646146E-07   9.41261305E-07   9.41824965E-07   9.42344684E-07   9.42826830E-07
   1.20783068E-06   1.22417123E-06   1.23485529E-06   1.24271401E-06   1.24878170E-06   1.25359099E-06   1.25747704E-06   1.26067039E-06   1.26333464E-06   1.26558905E-06   1.26752150E-06   1.26919770E-06   1.27066789E-06   1.27197052E-06   1.27313569E-06   1.27418741E-06   1.27514454E-06   1.27602277E-06   1.27683484E-06   1.27759131E-06   1.27830117E-06
   1.63693585E-06   1.65907613E-06   1.67356563E-06   1.68423423E-06   1.69248062E-06   1.69902569E-06   1.70432463E-06   1.70868998E-06   1.71234421E-06   1.71544900E-06   1.71812337E-06   1.72045668E-06   1.72251691E-06   1.72435671E-06   1.72601722E-06   1.72753118E-06   1.72892533E-06   1.73022147E-06   1.73143781E-06   1.73258991E-06   1.73369108E-06
   2.21846403E-06   2.24846622E-06   2.26813177E-06   2.28263866E-06   2.29387570E-06   2.30281807E-06   2.31008312E-06   2.31609442E-06   2.32115372E-06   2.32548018E-06   2.32923571E-06   2.33254241E-06   2.33549304E-06   2.33816058E-06   2.34060303E-06   2.34286676E-06   2.34499066E-06   2.34700792E-06   2.34894651E-06   2.35083166E-06   2.35268635E-06
   3.00653960E-06   3.04720879E-06   3.07393930E-06   3.09372467E-06   3.10910946E-06   3.12141060E-06   3.13146143E-06   3.13983605E-06   3.14694398E-06   3.15308398E-06   3.15847819E-06   3.16329579E-06   3.16766818E-06   3.17169975E-06   3.17547665E-06   3.17907097E-06   3.18254547E-06   3.18595562E-06   3.18935190E-06   3.19278092E-06   3.19628612E-06
   4.07449625E-06   4.12966619E-06   4.16610192E-06   4.19322987E-06   4.21446430E-06   4.23157144E-06   4.24567497E-06   4.25755297E-06   4.26776614E-06   4.27672694E-06   4.28475005E-06   4.29207921E-06   4.29891270E-06   4.30541513E-06   4.31172930E-06   4.31798298E-06   4.32429124E-06   4.33076184E-06   4.33749528E-06   4.34458480E-06   4.35211859E-06
   5.52169013E-06   5.59664841E-06   5.64656420E-06   5.68409905E-06   5.71378996E-06   5.73798980E-06   5.75821150E-06   5.77552100E-06   5.79070229E-06   5.80435199E-06   5.81694258E-06   5.82886378E-06   5.84045074E-06   5.85200269E-06   5.86379201E-06   5.87607155E-06   5.88907733E-06   5.90302807E-06   5.91812704E-06   5.93456298E-06   5.95250867E-06
   7.48273942E-06   7.58489614E-06   7.65388540E-06   7.70658698E-06   7.74894124E-06   7.78405683E-06   7.81399103E-06   7.84024996E-06   7.86399778E-06   7.88617854E-06   7.90759896E-06   7.92897572E-06   7.95096275E-06   7.97416760E-06   7.99915415E-06   8.02644081E-06   8.05650598E-06   8.08978257E-06   8.12666440E-06   8.16750708E-06   8.21263347E-06
   1.01400656E-05   1.02800905E-05   1.03768461E-05   1.04525298E-05   1.05147492E-05   1.05676081E-05   1.06140105E-05   1.06562575E-05   1.06962962E-05   1.07358619E-05   1.07765454E-05   1.08198310E-05   1.08670902E-05   1.09195835E-05   1.09784514E-05   1.10447172E-05   1.11192949E-05   1.12030002E-05   1.12965681E-05   1.14006680E-05   1.15159219E-05
   1.37409706E-05   1.39348585E-05   1.40736820E-05   1.41859637E-05   1.42811841E-05   1.43649131E-05   1.44416599E-05   1.45154963E-05   1.45902541E-05   1.46695656E-05   1.47568408E-05   1.48552062E-05   1.49674706E-05   1.50961168E-05   1.52433258E-05   1.54110221E-05   1.56009210E-05   1.58145922E-05   1.60534983E-05   1.63190325E-05   1.66125574E-05
   1.86210145E-05   1.88940248E-05   1.90998453E-05   1.92738444E-05   1.94276126E-05   1.95695393E-05   1.97079626E-05   1.98513990E-05   2.00082395E-05   2.01863932E-05   2.03929958E-05   2.06342993E-05   2.09157115E-05   2.12419181E-05   2.16170574E-05   2.20448965E-05   2.25289623E-05   2.30726564E-05   2.36793294E-05   2.43523264E-05   2.50950161E-05
   2.52362624E-05   2.56306375E-05   2.59491935E-05   2.62337053E-05   2.64991304E-05   2.67611213E-05   2.70380915E-05   2.73493879E-05   2.77134222E-05   2.81465727E-05   2.86628729E-05   2.92742752E-05   2.99911571E-05   3.08228518E-05   3.17780978E-05   3.28653368E-05   3.40929328E-05   3.54692675E-05   3.70028174E-05   3.87021428E-05   4.05759201E-05
   3.42084604E-05   3.47991481E-05   3.53186151E-05   3.58141078E-05   3.63103500E-05   3.68437140E-05   3.74576921E-05   3.81951504E-05   3.90939931E-05   4.01862198E-05   4.14989954E-05   4.30562286E-05   4.48800274E-05   4.69917140E-05   4.94123960E-05   5.21633046E-05   5.52658821E-05   5.87418181E-05   6.26130059E-05   6.69015353E-05   7.16296199E-05
   4.63901051E-05   4.73196669E-05   4.82215255E-05   4.91516366E-05   5.01683353E-05   5.13626401E-05   5.28331111E-05   5.46682459E-05   5.69424010E-05   5.97188700E-05   6.30544164E-05   6.70028894E-05   7.16173381E-05   7.69510079E-05   8.30577192E-05   8.99918959E-05   9.78084718E-05   1.06562788E-04   1.16310490E-04   1.27107458E-04   1.39009790E-04
   6.29625283E-05   6.45231048E-05   6.62092425E-05   6.81118618E-05   7.03908299E-05   7.32623739E-05   7.69334147E-05   8.15798194E-05   8.73526442E-05   9.43899868E-05   1.02825521E-04   1.12792717E-04   1.24426384E-04   1.37862880E-04   1.53239787E-04   1.70695654E-04   1.90369654E-04   2.12401486E-04   2.36931170E-04   2.64099042E-04   2.94045720E-04
   8.55929611E-05   8.84253532E-05   9.18489386E-05   9.60895050E-05   1.01561898E-04   1.08737200E-04   1.18035983E-04   1.29826847E-04   1.44452861E-04   1.62250275E-04   1.83556331E-04   2.08710888E-04   2.38056207E-04   2.71936122E-04   3.10695556E-04   3.54680291E-04   4.04236664E-04   4.59711795E-04   5.21453330E-04   5.89809555E-04   6.65129453E-04
   1.16711097E-04   1.22311045E-04   1.29860957E-04   1.39988944E-04   1.53657995E-04   1.71848820E-04   1.95459594E-04   2.25345473E-04   2.62354995E-04   3.07342067E-04   3.61166487E-04   4.24691301E-04   4.98781155E-04   5.84301015E-04   6.82115671E-04   7.93089508E-04   9.18086269E-04   1.05796871E-03   1.21359818E-03   1.38583512E-03   1.57553772E-03
   1.60052252E-04   1.72098124E-04   1.89957194E-04   2.15215885E-04   2.49927485E-04   2.96184706E-04   3.56071570E-04   4.31699591E-04   5.25208656E-04   6.38752477E-04   7.74486980E-04   9.34563926E-04   1.12112856E-03   1.33631891E-03   1.58226513E-03   1.86108879E-03   2.17490178E-03   2.52580503E-03   2.91588693E-03   3.34722083E-03   3.82186449E-03
   2.21877839E-04   2.49865028E-04   2.94351077E-04   3.58840800E-04   4.47655970E-04   5.65602968E-04   7.17794173E-04   9.09503142E-04   1.14606146E-03   1.43280486E-03   1.77504786E-03   2.17807200E-03   2.64711794E-03   3.18737701E-03   3.80398449E-03   4.50200960E-03   5.28644677E-03   6.16220431E-03   7.13409483E-03   8.20682291E-03   9.38497577E-03
   3.14049597E-04   3.83204431E-04   4.97529109E-04   6.63994346E-04   8.91979435E-04   1.19301456E-03   1.57976686E-03   2.06532236E-03   2.66281795E-03   3.38527467E-03   4.24551126E-03   5.25609311E-03   6.42928667E-03   7.77701847E-03   9.31083038E-03   1.10418359E-02   1.29806632E-02   1.51374098E-02   1.75215825E-02   2.01420430E-02   2.30069552E-02
   4.62027965E-04   6.39803009E-04   9.37980833E-04   1.36983790E-03   1.95651199E-03   2.72578676E-03   3.70847411E-03   4.93618473E-03   6.44020783E-03   8.25092569E-03   1.03974463E-02   1.29073132E-02   1.58062577E-02   1.91179607E-02   2.28638127E-02   2.70626955E-02   3.17307673E-02   3.68812606E-02   4.25243117E-02   4.86668050E-02   5.53122610E-02
   7.25355756E-04   1.18932070E-03   1.96762267E-03   3.08534829E-03   4.58978023E-03   6.54560700E-03   9.02431086E-03   1.20975589E-02   1.58335604E-02   2.02948488E-02   2.55366843E-02   3.16057727E-02   3.85391787E-02   4.63634357E-02   5.50938286E-02   6.47339597E-02   7.52755255E-02   8.66984054E-02   9.89710465E-02  0.112051122      0.125886455    
   1.24987389E-03   2.45564454E-03   4.46668873E-03   7.33092381E-03   1.11485850E-02   1.60579868E-02   2.22056117E-02   2.97261048E-02   3.87303457E-02   4.92980145E-02   6.14728332E-02   7.52598867E-02   9.06248093E-02  0.107494846      0.125761703      0.145286024      0.165903077      0.187429473      0.209670186      0.232425645      0.255498260    
   2.39519984E-03   5.48229367E-03   1.05931228E-02   1.78026222E-02   2.72747148E-02   3.92262861E-02   5.38464785E-02   7.12413192E-02   9.14046615E-02  0.114208631      0.139409006      0.166662276      0.195551038      0.225614026      0.256376773      0.287379533      0.318199813      0.348468423      0.377878487      0.406188637      0.433220834    
   5.04599046E-03   1.28269671E-02   2.55649127E-02   4.31864001E-02   6.56425506E-02   9.28440914E-02  0.124490127      0.159991339      0.198494256      0.238971621      0.280340135      0.321572751      0.361783087      0.400273532      0.436548561      0.470302045      0.501388788      0.529789805      0.555577874      0.578887284      0.599889100    
   1.13668982E-02   3.06216870E-02   6.12639338E-02  0.101628922      0.149607807      0.202888191      0.258969873      0.315380871      0.369974732      0.421144485      0.467888266      0.509749413      0.546690047      0.578951776      0.606935203      0.631110728      0.651959181      0.669936836      0.685457826      0.698886991      0.710539818    
   2.65520439E-02   7.24026188E-02  0.140190572      0.220081970      0.302600652      0.380919993      0.451046497      0.511336327      0.561767280      0.603230715      0.636998117      0.664392412      0.686621368      0.704714060      0.719513714      0.731695592      0.741793633      0.750227571      0.757326782      0.763349771      0.768500328    
   6.23055361E-02  0.162396044      0.287982523      0.407890111      0.506710768      0.582249820      0.637969971      0.678521037      0.708010733      0.729599535      0.745578110      0.757563889      0.766688108      0.773741961      0.779281735      0.783701539      0.787283719      0.790232420      0.792696953      0.794787824      0.796587646    
  0.140840769      0.323569924      0.494280130      0.614584863      0.690287471      0.736297727      0.764166176      0.781183600      0.791698933      0.798279285      0.802449346      0.805126607      0.806870937      0.808029413      0.808819771      0.809380412      0.809800208      0.810136557      0.810426712      0.810694873      0.810956717    
  0.287685007      0.534151793      0.689025879      0.768278599      0.806442738      0.824070513      0.831507683      0.833886385      0.833793163      0.832553148      0.830850959      0.829038382      0.827291548      0.825693071      0.824275672      0.823046148      0.821997941      0.821118355      0.820392489      0.819805086      0.819341660    
  0.492520601      0.718853474      0.815867841      0.853285193      0.865627706      0.867294133      0.864489675      0.860006452      0.855123699      0.850416780      0.846124589      0.842324078      0.839016020      0.836167395      0.833732486      0.831663370      0.829914451      0.828444660      0.827217579      0.826201975      0.825370729    
  0.684960604      0.832062483      0.880271018      0.893716276      0.893714726      0.888452590      0.881411731      0.874132156      0.867280602      0.861114025      0.855695665      0.850999832      0.846963823      0.843513012      0.840573430      0.838076711      0.835962415      0.834178269      0.832679272      0.831427395      0.830390334    
  0.808637619      0.887066305      0.909408510      0.912442505      0.907684624      0.899956167      0.891462624      0.883215010      0.875645936      0.868903220      0.862996995      0.857874393      0.853458166      0.849665582      0.846417487      0.843642294      0.841276884      0.839266837      0.837565482      0.836133003      0.834935665    
  0.869796276      0.910995603      0.922415018      0.921747744      0.915605843      0.907294810      0.898489177      0.890005946      0.882210851      0.875234008      0.869085848      0.863719165      0.859062850      0.855038941      0.851571798      0.848591983      0.846037686      0.843855023      0.841997445      0.840424895      0.839103162    
  0.896201789      0.921131611      0.928615808      0.927084446      0.920951247      0.912853062      0.904244304      0.895877957      0.888113081      0.881093085      0.874846816      0.869345009      0.864531159      0.860339284      0.856702387      0.853557289      0.850846469      0.848518848      0.846529484      0.844839215      0.843414068    
