227 .False. # Number of lines, conductive flag
# 5 line header for n-k original data
# H2SO4 liquid 96%  -  Palmer & Williams (1975)
# Taken from: NEMESIS database
# wl(um)      n                k
0.359712 1.459 5.05e-12
0.408163 1.443 1.74e-11
0.449438 1.438 5.67e-11
0.555556 1.434 1.74e-10
0.701754 1.432 5.09e-10
0.714286 1.432 1.41e-09
0.724638 1.432 3.72e-09
0.735294 1.431 9.37e-09
0.746269 1.431 2.26e-08
0.757576 1.431 3.13e-08
0.769231 1.431 3.92e-08
0.78125 1.431 4.85e-08
0.793651 1.43 5.87e-08
0.806452 1.43 7.06e-08
0.819672 1.43 8.35e-08
0.833333 1.43 9.95e-08
0.847458 1.43 1.17e-07
0.862069 1.429 1.34e-07
0.877193 1.429 1.52e-07
0.892857 1.428 1.71e-07
0.909091 1.428 1.97e-07
0.925926 1.428 2.39e-07
0.943396 1.427 3.27e-07
0.961538 1.427 4.53e-07
0.980392 1.427 6.2e-07
1.0 1.427 8.67e-07
1.02041 1.427 1.11e-06
1.04167 1.426 1.32e-06
1.06383 1.426 1.4e-06
1.08696 1.425 1.44e-06
1.11111 1.425 1.51e-06
1.13636 1.424 1.69e-06
1.16279 1.423 1.94e-06
1.19048 1.423 2.29e-06
1.21951 1.422 2.91e-06
1.25 1.422 3.95e-06
1.26582 1.422 4.68e-06
1.28205 1.421 5.61e-06
1.2987 1.42 6.67e-06
1.31579 1.42 7.85e-06
1.33333 1.419 9.44e-06
1.35135 1.418 1.15e-05
1.36986 1.417 1.38e-05
1.38889 1.416 1.65e-05
1.40845 1.416 1.99e-05
1.42857 1.416 2.54e-05
1.44928 1.415 3.4e-05
1.47059 1.414 4.53e-05
1.49254 1.413 6.21e-05
1.51515 1.412 7.85e-05
1.53846 1.411 9.88e-05
1.5625 1.41 0.000124
1.5873 1.41 0.000152
1.6129 1.409 0.000181
1.63934 1.408 0.000214
1.66667 1.407 0.000255
1.69492 1.406 0.000299
1.72414 1.405 0.000348
1.75439 1.404 0.000402
1.78571 1.404 0.000452
1.81818 1.403 0.000493
1.85185 1.401 0.000533
1.88679 1.4 0.000586
1.92308 1.399 0.000658
1.96078 1.398 0.000741
2.0 1.396 0.000837
2.04082 1.394 0.000893
2.08333 1.393 0.000947
2.12766 1.391 0.00102
2.17391 1.388 0.00115
2.22222 1.385 0.00129
2.27273 1.383 0.00141
2.32558 1.379 0.00162
2.38095 1.376 0.00171
2.43902 1.372 0.00186
2.5 1.368 0.00211
2.5641 1.36 0.00257521
2.63158 1.353 0.00312147
2.68817 1.345 0.0037836
2.7248 1.339 0.00458618
2.76243 1.329 0.005559
2.77008 1.327 0.00673819
2.83286 1.305 0.0081675
2.84091 1.303 0.0099
2.88184 1.291 0.012
2.91545 1.283 0.022
2.94118 1.276 0.03
2.98507 1.267 0.048
3.02115 1.263 0.064
3.07692 1.26 0.092
3.1746 1.274 0.143
3.27869 1.315 0.182
3.34448 1.347 0.195
3.41297 1.377 0.197
3.47222 1.403 0.192
3.55872 1.431 0.173
3.62319 1.444 0.155
3.69004 1.448 0.137
3.7594 1.445 0.122
3.81679 1.438 0.116
3.84615 1.437 0.117
3.861 1.437 0.118
3.90625 1.438 0.115
3.95257 1.436 0.113
4.0 1.435 0.114
4.08163 1.438 0.118
4.14938 1.446 0.12
4.21941 1.461 0.116
4.2735 1.472 0.099
4.29185 1.47 0.092
4.36681 1.457 0.077
4.46429 1.446 0.075
4.58716 1.441 0.074
4.71698 1.438 0.069
4.80769 1.434 0.064
4.9505 1.426 0.058
5.10204 1.416 0.053
5.26316 1.403 0.05
5.31915 1.397 0.051
5.37634 1.393 0.051
5.43478 1.387 0.052
5.49451 1.384 0.053
5.55556 1.379 0.055
5.61798 1.375 0.056
5.64972 1.373 0.057
5.68182 1.371 0.058
5.74713 1.369 0.058
5.81395 1.365 0.057
5.88235 1.357 0.054
5.95238 1.347 0.057
6.0241 1.341 0.062
6.06061 1.339 0.064
6.09756 1.336 0.065
6.13497 1.333 0.067
6.17284 1.331 0.068
6.21118 1.329 0.069
6.25 1.326 0.069
6.32911 1.322 0.07
6.41026 1.318 0.065
6.49351 1.305 0.056
6.53595 1.297 0.052
6.57895 1.285 0.048
6.62252 1.27 0.045
6.66667 1.252 0.047
6.71141 1.237 0.052
6.80272 1.209 0.058
6.89655 1.159 0.067
6.99301 1.092 0.1
7.0922 1.024 0.226
7.19424 1.057 0.334
7.29927 1.18 0.437
7.35294 1.245 0.431
7.46269 1.314 0.362
7.57576 1.292 0.313
7.63359 1.276 0.308
7.75194 1.244 0.321
7.87402 1.225 0.358
8.0 1.218 0.4
8.06452 1.219 0.427
8.13008 1.217 0.453
8.26446 1.23 0.532
8.40336 1.3 0.643
8.54701 1.447 0.669
8.62069 1.516 0.651
8.69565 1.572 0.615
8.84956 1.632 0.524
8.92857 1.645 0.481
9.00901 1.654 0.439
9.09091 1.639 0.391
9.17431 1.617 0.36
9.25926 1.578 0.342
9.34579 1.548 0.347
9.43396 1.537 0.366
9.52381 1.548 0.373
9.61539 1.548 0.352
9.70874 1.527 0.326
9.80392 1.457 0.311
9.90099 1.372 0.35
10.101 1.301 0.624
10.2041 1.415 0.809
10.3093 1.634 0.869
10.3842 1.789 0.833
10.4167 1.856 0.795
10.5263 1.967 0.627
10.6383 1.953 0.468
10.7527 1.87 0.391
10.8696 1.808 0.407
10.989 1.841 0.46
11.1111 1.937 0.458
11.236 2.007 0.356
11.3636 1.978 0.243
11.4416 1.956 0.206
11.4943 1.94 0.181
11.7647 1.848 0.121
11.9048 1.812 0.107
12.1951 1.751 0.096
12.5 1.71 0.094
12.6582 1.693 0.09
12.8205 1.663 0.09
13.1579 1.628 0.11
13.5135 1.604 0.126
13.8889 1.584 0.143
14.2857 1.567 0.16
14.7059 1.552 0.176
14.9254 1.543 0.183
15.3846 1.52 0.203
15.873 1.488 0.232
16.129 1.466 0.253
16.6667 1.41 0.34
16.9492 1.382 0.415
17.2414 1.389 0.54
17.5439 1.477 0.699
17.8571 1.68 0.802
18.1818 1.912 0.74
18.5185 2.045 0.569
18.8679 2.057 0.405
19.6078 1.961 0.241
20.0 1.913 0.209
20.4082 1.874 0.197
20.8333 1.848 0.194
21.2766 1.826 0.193
22.2222 1.785 0.218
22.7273 1.781 0.248
23.2558 1.822 0.274
24.3902 1.88 0.245
25.0 1.896 0.212
10000.0 1.896 0.212
