137 .False. # Number of lines, conductive flag
# 5 line header for n-k original data
# Solid Hydrazine N2H2[s] -  (Unknown reference)
# Taken from: NEMESIS code refindex.f
# wl(um)      n                k
2.50000  1.51000  0.0052000
2.52504  1.51100  0.0038000
2.55050  1.51100  0.0088000
2.57712  1.51100  0.010100
2.60365  1.50500  0.0034000
2.63140  1.50700  0.0093000
2.63809  1.50900  0.0042000
2.64482  1.50800  0.0075000
2.64550  1.51000  0.0070000
2.65226  1.50900  0.0050000
2.65906  1.50800  0.0035000
2.66658  1.50700  0.0028000
2.67345  1.50800  0.0030000
2.68037  1.50600  0.0027000
2.68801  1.50600  0.0035000
2.69500  1.50200  0.0051000
2.70202  1.50400  0.0073000
2.70978  1.50500  0.0035000
2.71688  1.50600  0.0089000
2.72474  1.50400  0.0052000
2.73191  1.49900  0.0038000
2.73913  1.50200  0.0037000
2.74711  1.50100  0.0037000
2.75440  1.49700  0.013100
2.76174  1.50100  0.013400
2.76985  1.49900  0.0076000
2.77728  1.49700  0.0041000
2.78548  1.49700  0.0061000
2.79298  1.49700  0.0045000
2.80052  1.49600  0.0033000
2.80887  1.49600  0.0046000
2.81650  1.49700  0.0082000
2.82416  1.49300  0.0040000
2.83265  1.48800  0.0052000
2.84041  1.49200  0.010600
2.84899  1.48600  0.0037000
2.85684  1.48800  0.0087000
2.86474  1.48500  0.0059000
2.87346  1.48300  0.0090000
2.88145  1.48300  0.0069000
2.88948  1.47800  0.0084000
2.89837  1.47900  0.0088000
2.90649  1.47700  0.010800
2.91465  1.47200  0.0076000
2.91958  1.46700  0.0065000
2.92369  1.46800  0.0076000
2.92782  1.46400  0.0024000
2.93196  1.46100  0.0090000
2.93611  1.46000  0.00840000
2.94111  1.45700  0.011800
2.94528  1.45400  0.013700
2.94947  1.45500  0.0081000
2.95367  1.45500  0.011600
2.95789  1.44600  0.0055000
2.96295  1.44300  0.0032000
2.96719  1.43200  0.0015000
2.97144  1.42600  0.0046000
2.97571  1.42000  0.0052000
2.97999  1.40800  0.0023000
2.98427  1.39200  0.0088000
2.98943  1.37900  0.012100
2.99375  1.36400  0.011200
2.99547  1.35100  0.015400
2.99721  1.34200  0.018800
3.00068  1.32000  0.024600
3.00242  1.30600  0.029800
3.00416  1.28300  0.040300
3.00590  1.26700  0.053700
3.00764  1.24000  0.072900
3.00938  1.21700  0.10580
3.01201  1.19900  0.17940
3.01375  1.21500  0.23980
3.01551  1.25700  0.28120
3.01726  1.30500  0.29590
3.01902  1.33900  0.28750
3.02078  1.35500  0.27300
3.02255  1.34400  0.26430
3.02431  1.32800  0.27300
3.02607  1.30600  0.30350
3.02696  1.29600  0.32660
3.02783  1.28800  0.36040
3.02961  1.30100  0.45290
3.03050  1.33200  0.50920
3.03138  1.38500  0.56020
3.03226  1.45900  0.59250
3.03315  1.54000  0.59610
3.03581  1.72600  0.50260
3.03759  1.78800  0.40630
3.03938  1.81100  0.30440
3.04116  1.79000  0.22170
3.04295  1.76000  0.17380
3.04472  1.73000  0.13810
3.04651  1.70100  0.11970
3.04831  1.68200  0.10850
3.05190  1.65200  0.091200
3.05550  1.62400  0.081100
3.05910  1.61200  0.071900
3.06271  1.59600  0.075100
3.06634  1.58600  0.0669000
3.06996  1.57800  0.073800
3.07360  1.57900  0.069400
3.07725  1.56900  0.057600
3.08091  1.56500  0.058200
3.08457  1.55700  0.053400
3.08825  1.54500  0.049500
3.09194  1.53900  0.043600
3.09562  1.53100  0.039900
3.09932  1.51900  0.043500
3.10304  1.50300  0.038400
3.10490  1.48900  0.037600
3.10861  1.46800  0.043300
3.11329  1.43900  0.057700
3.11702  1.40800  0.074500
3.12078  1.36300  0.11910
3.12454  1.33700  0.20880
3.12548  1.33600  0.23720
3.12643  1.33900  0.27010
3.12737  1.34700  0.30380
3.12830  1.35900  0.33910
3.12925  1.38200  0.38490
3.13019  1.42000  0.42610
3.13115  1.47400  0.45720
3.13209  1.53800  0.47550
3.13304  1.60700  0.46860
3.13398  1.66600  0.44250
3.13492  1.71200  0.40550
3.13588  1.74500  0.36250
3.13682  1.76500  0.31630
3.13872  1.76700  0.23440
3.14062  1.74400  0.18080
3.14253  1.71700  0.15230
3.14444  1.69200  0.13980
3.14635  1.67200  0.14210
3.14825  1.66900  0.15660
3.15016  1.69200  0.16500
3.15112  1.70400  0.15530
3.15207  1.71300  0.14790
3.15400  1.72400  0.11460
3.15592  1.71500  0.093000
3.15784  1.70300  0.071500
3.15977  1.68700  0.062300
3.16170  1.67900  0.061000
3.16362  1.67200  0.055300
3.16846  1.65700  0.043700
3.17233  1.65000  0.040400
3.17622  1.63600  0.038900
3.18012  1.63000  0.033700
3.18401  1.62400  0.031600
3.19481  1.62000  0.0302000
3.20468  1.60800  0.028900
3.21462  1.60200  0.024200
3.22561  1.59600  0.022500
3.23568  1.59200  0.021700
3.24580  1.58800  0.023200
3.25702  1.58500  0.016700
3.26728  1.57900  0.015700
3.27865  1.58000  0.017500
3.28904  1.57300  0.016800
3.29950  1.57300  0.015500
3.31109  1.57300  0.013500
3.32170  1.57000  0.015000
3.33238  1.56300  0.017200
3.34419  1.56200  0.015300
3.35502  1.55900  0.016800
3.36045  1.55800  0.012200
3.36699  1.55500  0.013600
3.37247  1.55900  0.018600
3.37797  1.55900  0.018300
3.38348  1.55900  0.019900
3.38900  1.56400  0.024200
3.39455  1.55600  0.027300
3.39455  1.55600  0.027300
3.40123  1.56300  0.028100
3.40682  1.56700  0.030200
3.41242  1.56800  0.023300
3.41804  1.57200  0.018900
3.42368  1.57100  0.016200
3.43048  1.57100  0.014100
3.43617  1.56800  0.015300
3.44187  1.57200  0.012100
3.44759  1.57200  0.012900
3.47182  1.56400  0.0087000
3.49641  1.56300  0.0018000
3.52015  1.56100  0.0059000
3.54542  1.55600  0.0015000
3.57106  1.55400  0.0031000
3.59707  1.55300  0.0020000
3.62219  1.55000  0.0027000
3.64896  1.55200  0.0014000
3.67612  1.54800  0.0032000
3.70369  1.54800  0.0015000
3.73034  1.54600  0.0036000
3.75873  1.54400  0.0017000
3.78756  1.54500  0.0075000
3.81544  1.54400  0.0022000
3.84515  1.54300  0.0036000
3.87532  1.54200  0.0039000
3.90598  1.54200  0.0034000
3.93561  1.54000  0.00210000
3.96723  1.54100  0.0035000
3.99936  1.54100  0.0017000
4.03201  1.53900  0.0023000
4.06362  1.53700  0.0018000
4.09734  1.53800  0.0044000
4.13162  1.53700  0.0023000
4.16648  1.53800  0.0051000
4.20023  1.53700  0.0032000
4.23626  1.53600  0.00090000
4.27292  1.53600  0.0022000
4.31021  1.53600  0.0032000
4.34633  1.53400  0.00090000
4.38493  1.53400  0.00090000
4.42421  1.53300  0.0015000
4.46421  1.53100  0.0022000
4.50298  1.53500  0.0045000
4.54442  1.53300  0.0030000
4.58663  1.53000  0.0058000
4.62963  1.53100  0.0029000
4.67133  1.53100  0.0037000
4.71594  1.53000  0.00050000
4.76141  1.53000  0.0012000
4.80554  1.52800  0.0031000
4.85277  1.52800  0.0013000
4.90093  1.52500  0.0036000
4.95005  1.52800  0.0042000
4.99778  1.52600  0.0032000
5.02439  1.52300  0.0028000
5.04887  1.52600  0.0032000
5.07604  1.52600  0.0060000
5.10103  1.52700  0.0053000
5.12623  1.52600  0.0011000
5.15427  1.52800  0.0021000
5.18001  1.52400  0.0036000
5.20597  1.52500  0.0016000
5.23492  1.52400  0.0023000
5.26144  1.52300  0.00030000
5.28832  1.52400  0.0017000
