298 .False. # Number of lines, conductive flag
# 5 line header for n-k original data
# Ammonia Ice NH3 (cubic) -  Martonchik et al., Applied Optics 23, 541-547, (1984) - wavenumber converted to um
# Taken from: NEMESIS refindex.f - NOTE: maybe replace with Howett et al. (2007) -  https://www.osapublishing.org/josab/abstract.cfm?uri=josab-24-1-126
# wl(um)      n                k
0.13960825922461573 1.56 0.5504
0.14999925000374997 1.522 0.5897
0.16999864001087991 1.739 0.6683
0.17999856001151993 2.082 0.6589
0.185000185000185 2.251 0.2944
0.18799819521732591 2.143 0.01257
0.18999848001215988 2.01 0.00121
0.19500019500019497 1.87 7.759e-05
0.19749965437560482 1.823 3.143e-05
0.2 1.792 1.592e-06
0.21000021000021 1.707 1.671e-06
0.21399987160007705 1.677 1.703e-06
0.23999808001535988 1.582 1.91e-06
0.25999688003743954 1.544 2.069e-06
0.2800022400179202 1.517 2.228e-06
0.3000030000300003 1.505 2.387e-06
0.32 1.488 2.546e-06
0.4326513306191673 1.449 2.109e-05
0.6677038332877069 1.423 3.963e-05
1.4619883040935673 1.408 5.817e-05
1.4705882352941175 1.408 8.192e-05
1.492537313432836 1.407 0.0001306
1.5151515151515151 1.407 0.0002653
1.5384615384615385 1.407 0.0002693
1.5625 1.408 0.0001368
1.5873015873015872 1.407 6.316e-05
1.6129032258064515 1.407 0.0001155
1.639344262295082 1.406 0.0002218
1.6666666666666665 1.406 0.0001857
1.7241379310344827 1.405 6.86e-05
1.7857142857142858 1.405 7.105e-05
1.8181818181818181 1.404 0.0001157
1.8518518518518519 1.404 0.0001474
1.8867924528301885 1.403 0.0002402
1.9230769230769231 1.402 0.0004438
1.9607843137254901 1.401 0.0004213
2.0 1.4 0.006207
2.0408163265306123 1.404 0.001137
2.0833333333333335 1.402 0.0003979
2.127659574468085 1.401 0.0003386
2.1739130434782608 1.399 0.0003287
2.2222222222222223 1.394 0.001768
2.232142857142857 1.39 0.004085
2.237136465324385 1.393 0.0162
2.242152466367713 1.403 0.01303
2.272727272727273 1.403 0.00217
2.3255813953488373 1.4 0.001536
2.380952380952381 1.398 0.0005305
2.4390243902439024 1.396 5.046
2.5 1.393 0.0004974
2.5641025641025643 1.391 0.0008162
2.631578947368421 1.387 0.001047
2.7027027027027026 1.382 0.001398
2.7777777777777777 1.372 0.001105
2.824858757062147 1.361 0.005395
2.857142857142857 1.351 0.004547
2.9069767441860463 1.313 0.00694
2.941176470588235 1.177 0.009596
2.949852507374631 1.024 0.04695
2.952726843239732 0.951 0.1569
2.9556941447698994 0.922 0.2668
2.9585798816568047 0.85 0.3767
2.9603315571343987 0.832 0.6049
2.962085308056872 0.948 0.8331
2.9638411381149967 1.267 0.1061
2.964983544341329 1.516 0.928
2.9662148132767774 1.634 0.7946
2.9673590504451037 1.678 0.6612
2.967975543881518 1.682 0.6141
2.96850417074836 1.681 0.5669
2.969121140142518 1.622 0.5198
2.969385634112302 1.633 0.5592
2.969738366049951 1.626 0.5987
2.97000297000297 1.638 0.6381
2.972033167890154 1.782 0.5044
2.9741545965559286 1.821 0.3706
2.9761904761904763 1.789 0.2368
2.985074626865672 1.647 0.06651
2.9940119760479043 1.551 0.05242
3.003003003003003 1.511 0.05018
3.0120481927710845 1.489 0.05034
3.0211480362537766 1.476 0.05289
3.0303030303030303 1.47 0.05787
3.048780487804878 1.477 0.0558
3.058103975535168 1.48 0.04867
3.067484662576687 1.479 0.03662
3.0864197530864197 1.469 0.02358
3.1055900621118013 1.458 0.02125
3.125 1.462 0.01616
3.144654088050314 1.454 0.005756
3.1645569620253164 1.446 0.004281
3.184713375796178 1.441 0.003295
3.2051282051282053 1.437 0.002806
3.225806451612903 1.434 0.00231
3.278688524590164 1.428 0.001305
3.333333333333333 1.423 0.0009284
3.3898305084745766 1.419 0.0006744
3.4482758620689653 1.417 0.0005488
3.5714285714285716 1.412 0.0005684
3.7037037037037037 1.409 0.0005895
3.8461538461538463 1.406 0.0006121
4.0 1.404 0.0006366
4.166666666666667 1.401 0.0006631
4.3478260869565215 1.398 0.000692
4.545454545454546 1.394 0.001266
4.761904761904762 1.39 0.001705
5.0 1.385 0.003183
5.263157894736842 1.381 0.01256
5.291005291005291 1.383 0.01389
5.405405405405405 1.387 0.006452
5.555555555555555 1.38 0.002874
5.714285714285714 1.373 0.002728
5.88235294117647 1.362 0.003043
5.9171597633136095 1.358 0.002825
5.9523809523809526 1.352 0.002842
5.9880239520958085 1.339 0.004289
6.024096385542169 1.325 0.02301
6.0606060606060606 1.342 0.0627
6.097560975609756 1.366 0.04852
6.134969325153374 1.369 0.04247
6.172839506172839 1.371 0.04224
6.25 1.378 0.04178
6.289308176100628 1.385 0.04254
6.329113924050633 1.392 0.03425
6.369426751592356 1.391 0.02382
6.410256410256411 1.387 0.01938
6.451612903225806 1.382 0.01694
6.666666666666666 1.374 0.02122
6.8493150684931505 1.369 0.01254
6.944444444444445 1.362 0.01824
7.042253521126761 1.362 0.02073
7.142857142857143 1.37 0.02558
7.194244604316547 1.371 0.01889
7.299270072992701 1.366 0.01336
7.407407407407407 1.361 0.01002
7.575757575757576 1.351 0.007837
7.6923076923076925 1.343 0.006121
7.8125 1.335 0.004974
7.936507936507937 1.322 0.004421
8.064516129032258 1.313 0.007701
8.19672131147541 1.301 0.01109
8.333333333333334 1.289 0.01194
8.474576271186441 1.27 0.01281
8.620689655172413 1.244 0.01509
8.695652173913043 1.225 0.01384
8.771929824561404 1.204 0.01955
8.849557522123893 1.175 0.01831
8.928571428571429 1.129 0.02487
9.00900900900901 1.082 0.0552
9.090909090909092 1.028 0.07234
9.174311926605505 0.882 0.07301
9.202171712524155 0.805 0.1346
9.23105326317733 0.744 0.1963
9.25925925925926 0.654 0.2579
9.287638153617534 0.578 0.4198
9.317059536010435 0.552 0.5818
9.345794392523365 0.526 0.7437
9.374707040404987 0.535 0.9963
9.404683532399135 0.605 1.249
9.433962264150944 0.476 1.501
9.442870632672333 0.419 2.005
9.45179584120983 0.681 2.508
9.460737937559129 1.373 3.011
9.48136910969944 2.572 2.235
9.502993442934525 2.928 1.459
9.523809523809524 2.793 0.6821
9.553835865099837 2.458 0.5057
9.584970765839165 2.339 0.3294
9.615384615384617 2.191 0.153
9.645992090286486 2.048 0.1266
9.677731539727088 1.967 0.09222
9.70873786407767 1.897 0.06181
9.73994350832765 1.838 0.05369
9.77230528681716 1.796 0.04557
9.803921568627452 1.76 0.03745
9.900990099009901 1.682 0.02364
10.0 1.628 0.01592
10.1010101010101 1.59 0.01527
10.204081632653063 1.563 0.01137
10.309278350515465 1.54 0.009024
10.416666666666666 1.522 0.007875
10.526315789473683 1.506 0.00712
10.638297872340425 1.493 0.006349
10.75268817204301 1.481 0.00599
10.869565217391305 1.471 0.006055
10.989010989010989 1.462 0.006121
11.11111111111111 1.454 0.006189
11.235955056179776 1.446 0.006259
11.363636363636363 1.439 0.006782
11.494252873563218 1.433 0.00686
11.627906976744185 1.427 0.00694
11.904761904761905 1.416 0.007579
12.195121951219512 1.405 0.008249
12.5 1.395 0.01093
12.820512820512821 1.387 0.009182
13.157894736842104 1.375 0.00733
13.513513513513514 1.361 0.008603
13.88888888888889 1.35 0.01216
14.285714285714286 1.337 0.01478
14.705882352941176 1.325 0.01755
15.151515151515152 1.31 0.01567
15.625 1.286 0.01741
16.129032258064516 1.257 0.02567
16.666666666666668 1.229 0.04642
17.241379310344826 1.204 0.0686
17.857142857142858 1.17 0.1023
18.51851851851852 1.164 0.1916
18.867924528301888 1.254 0.2252
18.986140117714065 1.277 0.1935
19.10949742021785 1.284 0.1618
19.230769230769234 1.276 0.1301
19.35359009096187 1.262 0.1143
19.481784531463084 1.248 0.09849
19.607843137254903 1.227 0.0827
20.0 1.172 0.08276
20.408163265306126 1.127 0.09095
20.833333333333332 1.083 0.1028
21.27659574468085 1.036 0.1185
21.73913043478261 0.976 0.1332
22.22222222222222 0.9 0.1662
22.727272727272727 0.803 0.217
23.25581395348837 0.715 0.3331
23.80952380952381 0.629 0.4358
24.390243902439025 0.52 0.6017
25.0 0.425 0.8555
25.207965717166623 0.398 0.9716
25.425883549453342 0.385 1.088
25.641025641025642 0.353 1.204
25.859839668994052 0.339 1.403
26.089225150013043 0.377 1.602
26.31578947368421 0.431 1.801
26.54632333421821 0.529 2.061
26.78810608090008 0.703 2.321
27.027027027027028 0.958 2.581
27.196083763937995 1.19 2.744
27.374760470845878 1.477 2.906
27.548209366391184 1.917 3.069
27.624309392265193 2.149 3.004
27.700831024930746 2.331 2.939
27.77777777777778 2.516 2.874
28.034763106251752 2.95 2.446
28.30455703368242 3.177 2.019
28.571428571428573 3.24 1.592
28.84338044418806 3.226 1.318
29.129041654529566 3.207 1.045
29.41176470588235 3.107 0.7724
30.303030303030305 2.818 0.4099
31.25 2.58 0.2114
32.25806451612903 2.385 0.1155
33.333333333333336 2.242 0.07958
34.48275862068965 2.138 0.05488
35.714285714285715 2.052 0.04547
37.03703703703704 1.979 0.0501
38.46153846153847 1.935 0.0857
38.61003861003861 1.933 0.09223
38.75968992248062 1.934 0.09875
38.91050583657588 1.941 0.1053
39.2618767177071 1.951 0.09565
39.63535473642489 1.951 0.08602
40.0 1.945 0.07639
40.53506282934739 1.935 0.07082
41.10152075626798 1.927 0.06525
41.666666666666664 1.918 0.05968
43.47826086956522 1.889 0.04844
45.45454545454545 1.862 0.04341
47.61904761904762 1.838 0.04168
50.0 1.816 0.03979
52.63157894736842 1.783 0.03769
53.561863952865565 1.771 0.05313
54.55537370430987 1.77 0.06856
55.55555555555556 1.783 0.084
56.59309564233164 1.796 0.07004
57.703404500865545 1.794 0.05609
58.8235294117647 1.783 0.04213
62.5 1.739 0.03979
66.66666666666667 1.628 0.04244
68.1663258350375 1.581 0.159
69.78367062107466 1.612 0.2756
71.42857142857143 1.721 0.3922
71.94244604316548 1.8 0.4294
73.52941176470588 1.956 0.3107
75.18796992481202 2.001 0.1921
76.92307692307693 1.968 0.07346
78.92659826361485 1.911 0.05892
81.10300081103 1.888 0.04438
83.33333333333333 1.867 0.02984
90.9090909090909 1.819 0.01157
100.0 1.773 0.007958
111.11111111111111 1.676 0.008842
115.34025374855825 1.635 0.09874
120.04801920768308 1.653 0.1886
125.0 1.709 0.2785
126.58227848101265 1.775 0.3526
131.57894736842104 1.935 0.2464
136.986301369863 1.976 0.1403
142.85714285714286 1.942 0.0341
166.66666666666666 1.853 0.01857
200.0 1.829 0.01592
