          51          22
   2.83698115E-04   3.18641047E-04   3.58122663E-04   4.03754268E-04   4.53264831E-04   5.03395335E-04   5.50985453E-04   5.93485951E-04   6.29178074E-04   6.44165149E-04   6.57176075E-04   6.77268195E-04   6.89663400E-04   6.94728922E-04   6.92794856E-04   6.84073835E-04   6.68701599E-04   6.46866043E-04   6.18965772E-04   5.85728325E-04   5.48236188E-04   5.07845543E-04
   3.41005420E-04   3.83006991E-04   4.30464075E-04   4.85313503E-04   5.44825511E-04   6.05082780E-04   6.62286649E-04   7.13373069E-04   7.56275957E-04   7.74291111E-04   7.89931044E-04   8.14083905E-04   8.28986289E-04   8.35080515E-04   8.32765072E-04   8.22297938E-04   8.03845644E-04   7.77638867E-04   7.44162884E-04   7.04299950E-04   6.59359735E-04   6.10980613E-04
   4.09944652E-04   4.60437674E-04   5.17489098E-04   5.83427434E-04   6.54971111E-04   7.27410894E-04   7.96180335E-04   8.57595878E-04   9.09174036E-04   9.30832408E-04   9.49635578E-04   9.78675205E-04   9.96596646E-04   1.00393384E-03   1.00116862E-03   9.88616026E-04   9.66482155E-04   9.35051765E-04   8.94917001E-04   8.47147836E-04   7.93327752E-04   7.35433481E-04
   4.93069296E-04   5.53801190E-04   6.22421387E-04   7.01730605E-04   7.87781901E-04   8.74911493E-04   9.57626966E-04   1.03149808E-03   1.09353813E-03   1.11959025E-03   1.14220881E-03   1.17714424E-03   1.19871204E-03   1.20755832E-03   1.20426924E-03   1.18923187E-03   1.16270490E-03   1.12504244E-03   1.07696827E-03   1.01977843E-03   9.55383817E-04   8.86163674E-04
   5.92649390E-04   6.65647211E-04   7.48126651E-04   8.43454036E-04   9.46885557E-04   1.05161371E-03   1.15103729E-03   1.23983156E-03   1.31440710E-03   1.34572468E-03   1.37291616E-03   1.41492113E-03   1.44086883E-03   1.45154365E-03   1.44766283E-03   1.42970763E-03   1.39800762E-03   1.35300681E-03   1.29558844E-03   1.22731691E-03   1.15048524E-03   1.06794038E-03
   7.12657347E-04   8.00437934E-04   8.99620121E-04   1.01425231E-03   1.13863056E-03   1.26456900E-03   1.38413033E-03   1.49091240E-03   1.58059981E-03   1.61826645E-03   1.65097311E-03   1.70151074E-03   1.73275941E-03   1.74567883E-03   1.74115528E-03   1.71979901E-03   1.68203970E-03   1.62844057E-03   1.56008033E-03   1.47883664E-03   1.38744165E-03   1.28927617E-03
   8.56782484E-04   9.62317397E-04   1.08156004E-03   1.21937785E-03   1.36891392E-03   1.52032787E-03   1.66407810E-03   1.79246871E-03   1.90031412E-03   1.94561179E-03   1.98495016E-03   2.04575947E-03   2.08341796E-03   2.09911144E-03   2.09395192E-03   2.06873124E-03   2.02402682E-03   1.96056464E-03   1.87966088E-03   1.78355025E-03   1.67545152E-03   1.55933027E-03
   1.03013357E-03   1.15702453E-03   1.30039710E-03   1.46610430E-03   1.64590299E-03   1.82796328E-03   2.00081454E-03   2.15520663E-03   2.28490890E-03   2.33939686E-03   2.38672644E-03   2.45993631E-03   2.50538648E-03   2.52456381E-03   2.51889159E-03   2.48942897E-03   2.43697781E-03   2.36249110E-03   2.26757326E-03   2.15485366E-03   2.02806341E-03   1.89177622E-03
   1.23838848E-03   1.39093795E-03   1.56330178E-03   1.76251773E-03   1.97867793E-03   2.19756365E-03   2.40538875E-03   2.59103789E-03   2.74702837E-03   2.81257881E-03   2.86953687E-03   2.95772846E-03   3.01268976E-03   3.03631718E-03   3.03047709E-03   2.99662817E-03   2.93591688E-03   2.84961658E-03   2.73967814E-03   2.60914280E-03   2.46224157E-03   2.30412534E-03
   1.48893020E-03   1.67235278E-03   1.87959953E-03   2.11913488E-03   2.37905001E-03   2.64225411E-03   2.89217872E-03   3.11546866E-03   3.30314296E-03   3.38204228E-03   3.45063512E-03   3.55700380E-03   3.62367253E-03   3.65310861E-03   3.64781730E-03   3.60985752E-03   3.54089960E-03   3.44266929E-03   3.31752724E-03   3.16891843E-03   3.00150109E-03   2.82089761E-03
   1.79028162E-03   2.01084628E-03   2.26005958E-03   2.54810322E-03   2.86066462E-03   3.17720301E-03   3.47780902E-03   3.74644203E-03   3.97233199E-03   4.06736089E-03   4.15004138E-03   4.27854387E-03   4.35974170E-03   4.39690286E-03   4.39344812E-03   4.35232278E-03   4.27597342E-03   4.16675722E-03   4.02752170E-03   3.86207853E-03   3.67537863E-03   3.47332144E-03
   2.15239380E-03   2.41760374E-03   2.71726074E-03   3.06361448E-03   3.43946973E-03   3.82014760E-03   4.18173522E-03   4.50498145E-03   4.77698864E-03   4.89153387E-03   4.99130879E-03   5.14687551E-03   5.24626300E-03   5.29384473E-03   5.29432343E-03   5.25190728E-03   5.17014973E-03   5.05227782E-03   4.90173278E-03   4.72265435E-03   4.52011637E-03   4.30003367E-03
   2.58778804E-03   2.90670316E-03   3.26704071E-03   3.68354376E-03   4.13556024E-03   4.59345104E-03   5.02851233E-03   5.41766174E-03   5.74548310E-03   5.88374073E-03   6.00436935E-03   6.19328162E-03   6.31572027E-03   6.37754286E-03   6.38518250E-03   6.34456752E-03   6.26076525E-03   6.13817386E-03   5.98099036E-03   5.79368835E-03   5.58132026E-03   5.34955319E-03
   3.11014918E-03   3.49354208E-03   3.92673165E-03   4.42746468E-03   4.97096078E-03   5.52165974E-03   6.04515010E-03   6.51380885E-03   6.90926798E-03   7.07642222E-03   7.22260820E-03   7.45292148E-03   7.60493334E-03   7.68642081E-03   7.70605123E-03   7.67197553E-03   7.59122381E-03   7.46971928E-03   7.31264334E-03   7.12489616E-03   6.91145984E-03   6.67757262E-03
   3.74059775E-03   4.20189137E-03   4.72309906E-03   5.32561587E-03   5.97971631E-03   6.64274534E-03   7.27348402E-03   7.83893466E-03   8.31728429E-03   8.52014218E-03   8.69815145E-03   8.98089446E-03   9.17181186E-03   9.28107742E-03   9.32012033E-03   9.29983426E-03   9.22968052E-03   9.11749247E-03   8.96973256E-03   8.79192352E-03   8.58906563E-03   8.36594682E-03
   4.49921656E-03   5.05439565E-03   5.68168191E-03   6.40690373E-03   7.19445106E-03   7.99323712E-03   8.75400100E-03   9.43746604E-03   1.00178802E-02   1.02652116E-02   1.04832835E-02   1.08334767E-02   1.10766897E-02   1.12259444E-02   1.12959007E-02   1.13006439E-02   1.12524610E-02   1.11614503E-02   1.10356649E-02   1.08815152E-02   1.07042482E-02   1.05083566E-02
   5.40910428E-03   6.07715640E-03   6.83197426E-03   7.70478277E-03   8.65303911E-03   9.61573515E-03   1.05342334E-02   1.13620628E-02   1.20690893E-02   1.23724658E-02   1.26417289E-02   1.30804367E-02   1.33957118E-02   1.36037823E-02   1.37228714E-02   1.37705384E-02   1.37621500E-02   1.37103098E-02   1.36249037E-02   1.35135064E-02   1.33818919E-02   1.32345455E-02
   6.50790520E-03   7.31275650E-03   8.22213665E-03   9.27393511E-03   1.04174698E-02   1.15800956E-02   1.26923295E-02   1.36995763E-02   1.45669514E-02   1.49427522E-02   1.52792949E-02   1.58379711E-02   1.62560418E-02   1.65531784E-02   1.67513173E-02   1.68715827E-02   1.69324968E-02   1.69492476E-02   1.69337038E-02   1.68947969E-02   1.68390982E-02   1.67713873E-02
   7.82818906E-03   8.79831519E-03   9.89442319E-03   1.11626834E-02   1.25430478E-02   1.39494902E-02   1.53002869E-02   1.65319648E-02   1.76047161E-02   1.80755090E-02   1.85019784E-02   1.92262791E-02   1.97934005E-02   2.02264506E-02   2.05509551E-02   2.07914170E-02   2.09693238E-02   2.11023465E-02   2.12042928E-02   2.12855376E-02   2.13536136E-02   2.14138459E-02
   9.42076370E-03   1.05919214E-02   1.19151296E-02   1.34470416E-02   1.51170399E-02   1.68239530E-02   1.84725244E-02   1.99898425E-02   2.13312041E-02   2.19294429E-02   2.24788953E-02   2.34367903E-02   2.42233369E-02   2.48648096E-02   2.53898967E-02   2.58260146E-02   2.61972174E-02   2.65233368E-02   2.68199556E-02   2.70988308E-02   2.73685120E-02   2.76350211E-02
   1.13443369E-02   1.27614215E-02   1.43623734E-02   1.62173845E-02   1.82442944E-02   2.03251932E-02   2.23502368E-02   2.42367834E-02   2.59354282E-02   2.67074481E-02   2.74275765E-02   2.87184678E-02   2.98289135E-02   3.07877567E-02   3.16261202E-02   3.23735960E-02   3.30561474E-02   3.36952731E-02   3.43079567E-02   3.49071212E-02   3.55022438E-02   3.61000337E-02
   1.36702992E-02   1.53905768E-02   1.73337273E-02   1.95878353E-02   2.20587496E-02   2.46105753E-02   2.71180794E-02   2.94887368E-02   3.16686295E-02   3.26798670E-02   3.36383991E-02   3.54044922E-02   3.69895548E-02   3.84242125E-02   3.97411212E-02   4.09711376E-02   4.21413034E-02   4.32740636E-02   4.43872362E-02   4.54944596E-02   4.66057919E-02   4.77283858E-02
   1.64950863E-02   1.85944922E-02   2.09649447E-02   2.37187948E-02   2.67503895E-02   2.99050286E-02   3.30413617E-02   3.60565595E-02   3.88918966E-02   4.02345136E-02   4.15269248E-02   4.39688005E-02   4.62413654E-02   4.83762920E-02   5.04069366E-02   5.23645952E-02   5.42765707E-02   5.61654642E-02   5.80491945E-02   5.99414222E-02   6.18521683E-02   6.37884513E-02
   1.99443772E-02   2.25271974E-02   2.54408997E-02   2.88315527E-02   3.25840078E-02   3.65245603E-02   4.04948294E-02   4.43804190E-02   4.81163897E-02   4.99198027E-02   5.16798384E-02   5.50774597E-02   5.83333597E-02   6.14795573E-02   6.45495579E-02   6.75745755E-02   7.05816448E-02   7.35929385E-02   7.66258091E-02   7.96932429E-02   8.28044564E-02   8.59655440E-02
   2.41919979E-02   2.74083968E-02   3.10301483E-02   3.52510400E-02   3.99506651E-02   4.49368991E-02   5.00330217E-02   5.51105440E-02   6.00952283E-02   6.25424609E-02   6.49586916E-02   6.97047487E-02   7.43560940E-02   7.89440945E-02   8.35019127E-02   8.80604759E-02   9.26464051E-02   9.72812846E-02  0.101981662      0.106759444      0.111622497      0.116575375    
   2.94799693E-02   3.35560106E-02   3.81294712E-02   4.34620008E-02   4.94350120E-02   5.58392517E-02   6.24777712E-02   6.92041069E-02   7.59299025E-02   7.92790130E-02   8.26166794E-02   8.92615467E-02   9.58831385E-02  0.102510616      0.109176055      0.115909852      0.122738279      0.129682392      0.136757880      0.143975317      0.151340827      0.158856690    
   3.61691862E-02   4.14618887E-02   4.73641008E-02   5.42331375E-02   6.19620346E-02   7.03255385E-02   7.91033432E-02   8.81258547E-02   9.72849727E-02  0.101897217      0.106526963      0.115838252      0.125230715      0.134729683      0.144365281      0.154166922      0.164160118      0.174364835      0.184795052      0.195458800      0.206358775      0.217493027    
   4.48194332E-02   5.19161709E-02   5.97567745E-02   6.88302219E-02   7.90525675E-02   9.01814252E-02  0.101967432      0.114211611      0.126781017      0.133163050      0.139603212      0.152651906      0.165931076      0.179461494      0.193270579      0.207385600      0.221829578      0.236618951      0.251762778      0.267262787      0.283113837      0.299304992    
   5.62774427E-02   6.61624968E-02   7.69540891E-02   8.93135145E-02  0.103189804      0.118316658      0.134405047      0.151218563      0.168595567      0.177464411      0.186444432      0.204727381      0.223442003      0.242605165      0.262240767      0.282371551      0.303013861      0.324175030      0.345852256      0.368032932      0.390695453      0.413810730    
   7.16183856E-02   8.58820155E-02  0.101265438      0.118631810      0.137963504      0.158951879      0.181247815      0.204563394      0.228702068      0.241042450      0.253552407      0.279067189      0.305239707      0.332083464      0.359616935      0.387853652      0.416795999      0.446432382      0.476736575      0.507668555      0.539176583      0.571199298    
   9.24264118E-02  0.113595627      0.136221275      0.161356330      0.188990295      0.218731076      0.250131667      0.282827824      0.316576302      0.333799839      0.351243109      0.386772364      0.423153520      0.460394144      0.498500556      0.537465453      0.577261448      0.617838800      0.659126103      0.701032937      0.743453860      0.786273003    
  0.120384261      0.152104631      0.185885265      0.222854555      0.262913764      0.305497617      0.349993378      0.395921439      0.442976445      0.466872603      0.490999669      0.539927781      0.589743972      0.640439749      0.691990435      0.744341075      0.797401309      0.851045907      0.905119419      0.959442854       1.01382184       1.06805456    
  0.157398954      0.204470769      0.254642606      0.308820039      0.366578579      0.427002370      0.489208132      0.552560866      0.616693497      0.648994088      0.681436598      0.746728361      0.812539160      0.878820181      0.945475578       1.01235175       1.07923937       1.14588225       1.21199155       1.27726042       1.34137869       1.40404665    
  0.205455720      0.273567587      0.346329540      0.423900247      0.505114496      0.588445425      0.672630012      0.756870329      0.840770066      0.882539034      0.924175084       1.00702155       1.08923018       1.17065024       1.25104153       1.33008158       1.40738750       1.48254395       1.55513215       1.62475610       1.69106460       1.75376618    
  0.267302811      0.362910628      0.465063751      0.572422504      0.682509899      0.792890728      0.901848912       1.00845802       1.11233461       1.16320229       1.21334088       1.31136727       1.40621972       1.49759042       1.58507812       1.66823518       1.74661851       1.81983697       1.88758647       1.94967234       2.00601816       2.05666304    
  0.347316533      0.477851629      0.616479874      0.759303749      0.901854515       1.04057121       1.17335594       1.29930115       1.41814613       1.47488797       1.52983367       1.63427782       1.73130357       1.82068217       1.90220237       1.97573757       2.04129171       2.09901905       2.14921999       2.19232082       2.22884417       2.25937510    
  0.452238828      0.626044214      0.807463229      0.988686204       1.16273665       1.32512629       1.47387230       1.60859644       1.72963154       1.78517950       1.83750534       1.93276191       2.01596189       2.08773470       2.14881682       2.20005584       2.24238801       2.27679658       2.30427074       2.32576632       2.34217763       2.35431910    
  0.590396464      0.814584374       1.04066575       1.25592422       1.45142603       1.62314308       1.77071214       1.89565158       2.00014639       2.04544640       2.08649254       2.15691781       2.21354127       2.25835657       2.29320788       2.31976604       2.33950901       2.35371590       2.36347222       2.36968422       2.37309718       2.37431931    
  0.770227313       1.04678369       1.30994546       1.54315221       1.73870504       1.89654171       2.02075720       2.11678243       2.18992829       2.21940708       2.24485254       2.28545117       2.31490183       2.33575130       2.35001159       2.35925198       2.36468506       2.36724091       2.36762905       2.36639023       2.36393642       2.36058235    
   1.00102627       1.32129979       1.59960842       1.82201719       1.98923457       2.10999155       2.19495726       2.25364232       2.29350400       2.30816197       2.32004571       2.33720660       2.34776425       2.35366154       2.35625529       2.35649395       2.35504460       2.35237908       2.34883618       2.34466267       2.34003997       2.33510542    
   1.28100014       1.61687756       1.87337649       2.05242753       2.17005205       2.24436092       2.29001093       2.31727886       2.33289099       2.33772850       2.34110904       2.34460068       2.34503341       2.34345841       2.34054518       2.33672881       2.33229852       2.32745099       2.32232499       2.31702089       2.31161308       2.30615926    
   1.58715177       1.89215147       2.09023476       2.20833564       2.27468419       2.31007767       2.32765985       2.33514929       2.33692813       2.33649349       2.33545518       2.33211160       2.32768178       2.32261848       2.31718969       2.31155825       2.30582714       2.30006409       2.29431581       2.28861570       2.28298950       2.27745628    
   1.87761152       2.10758376       2.23205519       2.29391217       2.32168913       2.33174753       2.33284163       2.32950521       2.32404852       2.32091761       2.31764102       2.31086993       2.30402827       2.29725981       2.29063249       2.28417635       2.27790260       2.27181435       2.26591015       2.26018763       2.25464368       2.24927592    
   2.10432029       2.24493074       2.30681229       2.32960510       2.33381224       2.32957530       2.32179499       2.31278729       2.30360842       2.29910970       2.29471064       2.28626132       2.27829719       2.27079964       2.26372981       2.25704408       2.25070190       2.24466777       2.23891139       2.23340869       2.22813916       2.22308707    
   2.24949574       2.31631684       2.33632135       2.33589435       2.32700634       2.31514859       2.30278373       2.29094219       2.27998471       2.27486300       2.26997375       2.26084900       2.25250864       2.24484634       2.23776507       2.23118138       2.22502637       2.21924376       2.21378803       2.20862222       2.20371699       2.19904828    
   2.32302880       2.34175229       2.33758783       2.32469797       2.30920339       2.29377198       2.27946210       2.26658225       2.25511169       2.24986100       2.24490380       2.23577976       2.22756886       2.22012258       2.21331716       2.20705104       2.20124340       2.19582868       2.19075489       2.18598008       2.18147039       2.17719889    
   2.34597731       2.33791852       2.32151079       2.30297256       2.28496575       2.26855087       2.25401020       2.24127126       2.23012328       2.22507048       2.22032547       2.21165133       2.20390630       2.19692969       2.19059134       2.18478727       2.17943454       2.17446685       2.16983151       2.16548610       2.16139650       2.15753531    
   2.33962798       2.31855679       2.29697609       2.27668738       2.25845528       2.24247074       2.22861433       2.21663022       2.20622993       2.20153737       2.19714165       2.18913150       2.18200517       2.17560697       2.16981125       2.16451931       2.15965199       2.15514684       2.15095353       2.14703178       2.14334917       2.13987923    
   2.31947279       2.29336357       2.27044058       2.25034785       2.23291922       2.21792746       2.20507026       2.19402051       2.18446922       2.18016934       2.17614603       2.16882586       2.16232610       2.15650058       2.15123343       2.14643264       2.14202547       2.13795328       2.13416982       2.13063741       2.12732601       2.12421083    
   2.29248357       2.26545906       2.24320459       2.22436571       2.20832992       2.19467449       2.18302512       2.17304039       2.16442132       2.16054296       2.15691543       2.15031695       2.14446068       2.13921452       2.13447428       2.13015723       2.12619734       2.12254214       2.11914945       2.11598516       2.11302185       2.11023664    
   2.26428843       2.23834705       2.21762180       2.20039511       2.18587995       2.17358470       2.16312146       2.15416121       2.14642763       2.14294744       2.13969183       2.13376904       2.12851143       2.12380219       2.11954808       2.11567497       2.11212444       2.10884929       2.10581183       2.10298109       2.10033226       2.09784484    
