          51          22
   1.90513733E-11   3.15735216E-11   4.88708969E-11   7.17367554E-11   1.00965084E-10   1.37350228E-10   1.81686680E-10   2.34769038E-10   2.97391889E-10   3.32529337E-10   3.70349890E-10   4.54437682E-10   5.50449852E-10   6.59180932E-10   7.81425535E-10   9.17978193E-10   1.06963338E-09   1.23718558E-09   1.42142920E-09   1.62315861E-09   1.84316817E-09   2.08225215E-09
   4.42455968E-11   7.46777779E-11   1.16898879E-10   1.72871342E-10   2.44558068E-10   3.33921973E-10   4.42926057E-10   5.73533165E-10   7.27706118E-10   8.14243117E-10   9.07407482E-10   1.11459986E-09   1.35124545E-09   1.61930658E-09   1.92074512E-09   2.25752328E-09   2.63160249E-09   3.04494474E-09   3.49951090E-09   3.99726252E-09   4.54016114E-09   5.13016696E-09
   9.70837438E-11   1.65462463E-10   2.60557631E-10   3.86818660E-10   5.48694812E-10   7.50634999E-10   9.97087635E-10   1.29250055E-09   1.64132108E-09   1.83714888E-09   2.04799600E-09   2.51697152E-09   3.05269343E-09   3.65960662E-09   4.34215552E-09   5.10478460E-09   5.95193628E-09   6.88805457E-09   7.91758126E-09   9.04495767E-09   1.02746247E-08   1.16110241E-08
   2.07825077E-10   3.56208091E-10   5.62854818E-10   8.37468539E-10   1.18975074E-09   1.62940139E-09   2.16611840E-09   2.80959767E-09   3.56953334E-09   3.99620115E-09   4.45561765E-09   5.47754109E-09   6.64499211E-09   7.96765676E-09   9.45522061E-09   1.11173657E-08   1.29637741E-08   1.50041242E-08   1.72480927E-08   1.97053556E-08   2.23855885E-08   2.52984584E-08
   4.77710815E-10   8.21489710E-10   1.30063837E-09   1.93769378E-09   2.75518630E-09   3.77563891E-09   5.02156672E-09   6.51547838E-09   8.27987545E-09   9.27053545E-09   1.03372511E-08   1.27100925E-08   1.54208806E-08   1.84920861E-08   2.19461764E-08   2.58056101E-08   3.00928420E-08   3.48303111E-08   4.00404581E-08   4.57457183E-08   5.19685095E-08   5.87312563E-08
   9.04127218E-10   1.55722157E-09   2.46782417E-09   3.67879349E-09   5.23296917E-09   7.17317361E-09   9.54221058E-09   1.23828645E-08   1.57379034E-08   1.76216766E-08   1.96500753E-08   2.41621141E-08   2.93167304E-08   3.51566243E-08   4.17244728E-08   4.90629368E-08   5.72146597E-08   6.62222774E-08   7.61283871E-08   8.69755894E-08   9.88064528E-08   1.11663539E-07
   2.22453655E-09   3.83629484E-09   6.08410700E-09   9.07373110E-09   1.29108484E-08   1.77010637E-08   2.35499034E-08   3.05628198E-08   3.88451831E-08   4.34953122E-08   4.85022902E-08   5.96393619E-08   7.23615585E-08   8.67739445E-08   1.02981531E-07   1.21089229E-07   1.41201923E-07   1.63424374E-07   1.87861318E-07   2.14617359E-07   2.43797075E-07   2.75504988E-07
   4.26345803E-09   7.35595762E-09   1.16691208E-08   1.74057515E-08   2.47684611E-08   3.39596617E-08   4.51815723E-08   5.86362106E-08   7.45254027E-08   8.34459684E-08   9.30507795E-08   1.14413780E-07   1.38815679E-07   1.66457525E-07   1.97540203E-07   2.32264412E-07   2.70830697E-07   3.13439330E-07   3.60290500E-07   4.11584125E-07   4.67520039E-07   5.28297733E-07
   1.16713519E-08   2.01420143E-08   3.19543609E-08   4.76620166E-08   6.78176164E-08   9.29727690E-08   1.23678049E-07   1.60483054E-07   2.03936338E-07   2.28327238E-07   2.54585473E-07   3.12977107E-07   3.79656854E-07   4.55169385E-07   5.40058466E-07   6.34866865E-07   7.40136443E-07   8.56408008E-07   9.84221629E-07   1.12411635E-06   1.27663009E-06   1.44230000E-06
   3.53872842E-08   6.10558928E-08   9.68306821E-08   1.44375008E-07   2.05345927E-07   2.81394051E-07   3.74163648E-07   4.85292560E-07   6.16412535E-07   6.89977298E-07   7.69148926E-07   9.45121371E-07   1.14594320E-06   1.37322195E-06   1.62855952E-06   1.91355161E-06   2.22978861E-06   2.57885449E-06   2.96232815E-06   3.38178211E-06   3.83878387E-06   4.33489413E-06
   1.26937175E-06   2.14482748E-06   3.33246453E-06   4.86973840E-06   6.79077175E-06   9.12661653E-06   1.19055676E-05   1.51534859E-05   1.88940958E-05   2.09560549E-05   2.31492468E-05   2.79391279E-05   3.32824566E-05   3.91966278E-05   4.56978451E-05   5.28012279E-05   6.05208952E-05   6.88700602E-05   7.78610774E-05   8.75055121E-05   9.78141761E-05   1.08797190E-04
   1.90704013E-05   2.67723390E-05   3.57878489E-05   4.61165582E-05   5.77453211E-05   7.06571955E-05   8.48368218E-05   1.00272628E-04   1.16957155E-04   1.25766339E-04   1.34886446E-04   1.54059206E-04   1.74476008E-04   1.96138630E-04   2.19049543E-04   2.43211529E-04   2.68627366E-04   2.95299717E-04   3.23230925E-04   3.52422911E-04   3.82877188E-04   4.14594746E-04
   2.75630500E-05   3.86947795E-05   5.17250010E-05   6.66531705E-05   8.34602688E-05   1.02121820E-04   1.22615602E-04   1.44924910E-04   1.69038904E-04   1.81770723E-04   1.94951877E-04   2.22661940E-04   2.52169877E-04   2.83478264E-04   3.16590624E-04   3.51510942E-04   3.88243265E-04   4.26791376E-04   4.67158650E-04   5.09347825E-04   5.53361140E-04   5.99199964E-04
   3.98070624E-05   5.58835418E-05   7.47017621E-05   9.62609192E-05   1.20533550E-04   1.47484287E-04   1.77081020E-04   2.09299586E-04   2.44124341E-04   2.62511196E-04   2.81546963E-04   3.21564701E-04   3.64178704E-04   4.09392524E-04   4.57211281E-04   5.07640652E-04   5.60686458E-04   6.16354169E-04   6.74648501E-04   7.35573587E-04   7.99132336E-04   8.65326962E-04
   5.75692393E-05   8.08181503E-05   1.08031825E-04   1.39209063E-04   1.74310160E-04   2.13283900E-04   2.56083847E-04   3.02674976E-04   3.53034673E-04   3.79623583E-04   4.07150801E-04   4.65019257E-04   5.26641612E-04   5.92023018E-04   6.61170692E-04   7.34092842E-04   8.10797676E-04   8.91293050E-04   9.75585892E-04   1.06368191E-03   1.15558552E-03   1.25129975E-03
   8.32544902E-05   1.16876152E-04   1.56231268E-04   2.01318078E-04   2.52079102E-04   3.08440241E-04   3.70334310E-04   4.37710580E-04   5.10536134E-04   5.48986369E-04   5.88793366E-04   6.72476133E-04   7.61586591E-04   8.56131956E-04   9.56122472E-04   1.06156990E-03   1.17248599E-03   1.28888199E-03   1.41076779E-03   1.53815164E-03   1.67103985E-03   1.80943683E-03
   1.20263147E-04   1.68829749E-04   2.25677853E-04   2.90804834E-04   3.64127569E-04   4.45539015E-04   5.34941908E-04   6.32262905E-04   7.37454218E-04   7.92992418E-04   8.50490003E-04   9.71361296E-04   1.10007066E-03   1.23662839E-03   1.38104882E-03   1.53334870E-03   1.69354491E-03   1.86165341E-03   2.03768862E-03   2.22166232E-03   2.41358369E-03   2.61345948E-03
   1.73934488E-04   2.44173832E-04   3.26389272E-04   4.20576864E-04   5.26616292E-04   6.44352578E-04   7.73645006E-04   9.14386997E-04   1.06650905E-03   1.14682480E-03   1.22997339E-03   1.40476634E-03   1.59089116E-03   1.78836181E-03   1.99719914E-03   2.21742643E-03   2.44906824E-03   2.69214739E-03   2.94668507E-03   3.21269827E-03   3.49020143E-03   3.77920456E-03
   2.51334423E-04   3.52826697E-04   4.71621868E-04   6.07713999E-04   7.60929135E-04   9.31043294E-04   1.11785263E-03   1.32120273E-03   1.54099229E-03   1.65703299E-03   1.77716580E-03   2.02970253E-03   2.29860609E-03   2.58389628E-03   2.88560218E-03   3.20375757E-03   3.53839737E-03   3.88955604E-03   4.25726408E-03   4.64154873E-03   5.04243234E-03   5.45993121E-03
   3.63267289E-04   5.09953243E-04   6.81643083E-04   8.78328050E-04   1.09975692E-03   1.34560559E-03   1.61557924E-03   1.90945354E-03   2.22708099E-03   2.39477470E-03   2.56838021E-03   2.93331919E-03   3.32190259E-03   3.73415765E-03   4.17012675E-03   4.62985877E-03   5.11340704E-03   5.62082324E-03   6.15215627E-03   6.70744944E-03   7.28674093E-03   7.89006241E-03
   5.25133393E-04   7.37167546E-04   9.85337887E-04   1.26963167E-03   1.58968638E-03   1.94503425E-03   2.33524852E-03   2.76000449E-03   3.21908714E-03   3.46146035E-03   3.71237681E-03   4.23982693E-03   4.80144285E-03   5.39726531E-03   6.02735812E-03   6.69179764E-03   7.39066722E-03   8.12405068E-03   8.89203232E-03   9.69468895E-03   1.05320942E-02   1.14043113E-02
   7.58925511E-04   1.06533361E-03   1.42394961E-03   1.83475669E-03   2.29723402E-03   2.81070848E-03   3.37456493E-03   3.98833444E-03   4.65170620E-03   5.00193471E-03   5.36450837E-03   6.12667529E-03   6.93822000E-03   7.79921003E-03   8.70974921E-03   9.66996606E-03   1.06800031E-02   1.17400121E-02   1.28501449E-02   1.40105514E-02   1.52213778E-02   1.64827611E-02
   1.09685690E-03   1.53965468E-03   2.05787970E-03   2.65151588E-03   3.31982109E-03   4.06183302E-03   4.87667182E-03   5.76366810E-03   6.72238134E-03   7.22855097E-03   7.75257451E-03   8.85417033E-03   1.00272102E-02   1.12718241E-02   1.25882030E-02   1.39765833E-02   1.54372286E-02   1.69704221E-02   1.85764581E-02   2.02556308E-02   2.20082235E-02   2.38345135E-02
   1.58530311E-03   2.22520088E-03   2.97407620E-03   3.83193186E-03   4.79773013E-03   5.87011594E-03   7.04785204E-03   8.33000522E-03   9.71598178E-03   1.04478011E-02   1.12054870E-02   1.27984714E-02   1.44950710E-02   1.62955616E-02   1.82003174E-02   2.02097856E-02   2.23244615E-02   2.45448612E-02   2.68715024E-02   2.93048918E-02   3.18454951E-02   3.44937332E-02
   2.29145098E-03   3.21624009E-03   4.29851701E-03   5.53836673E-03   6.93439366E-03   8.48474633E-03   1.01877479E-02   1.20421685E-02   1.40472790E-02   1.51062422E-02   1.62028056E-02   1.85088385E-02   2.09657457E-02   2.35740915E-02   2.63345707E-02   2.92479396E-02   3.23149711E-02   3.55363972E-02   3.89128700E-02   4.24449034E-02   4.61328588E-02   4.99768853E-02
   3.31109902E-03   4.64720093E-03   6.21092552E-03   8.00263789E-03   1.00206062E-02   1.22624617E-02   1.47260921E-02   1.74100418E-02   2.03135833E-02   2.18476523E-02   2.34366320E-02   2.67795883E-02   3.03431712E-02   3.41282524E-02   3.81357074E-02   4.23662886E-02   4.68205065E-02   5.14985248E-02   5.64000905E-02   6.15244471E-02   6.68702945E-02   7.24357143E-02
   4.78254864E-03   6.71224529E-03   8.97115469E-03   1.15604559E-02   1.44784041E-02   1.77223403E-02   2.12899409E-02   2.51797494E-02   2.93912068E-02   3.16175744E-02   3.39244343E-02   3.87798958E-02   4.39580530E-02   4.94590178E-02   5.52822798E-02   6.14264756E-02   6.78891987E-02   7.46668726E-02   8.17546844E-02   8.91465098E-02   9.68349501E-02  0.104811288    
   6.90960558E-03   9.69783589E-03   1.29633527E-02   1.67095121E-02   2.09355392E-02   2.56391708E-02   3.08182091E-02   3.64710502E-02   4.25964929E-02   4.58360426E-02   4.91931848E-02   5.62589541E-02   6.37901723E-02   7.17812404E-02   8.02242234E-02   8.91086310E-02   9.84213352E-02  0.108146548      0.118266009      0.128759086      0.139603078      0.150773421    
   9.99317598E-03   1.40279178E-02   1.87579785E-02   2.41918396E-02   3.03315986E-02   3.71758752E-02   4.47213165E-02   5.29627651E-02   6.18925877E-02   6.66123405E-02   7.14997128E-02   8.17687064E-02   9.26791430E-02  0.104205258      0.116315968      0.128975183      0.142142296      0.155772850      0.169819340      0.184232011      0.198959619      0.213950336    
   1.44363623E-02   2.02730559E-02   2.71268375E-02   3.50158364E-02   4.39457707E-02   5.39119318E-02   6.49000406E-02   7.68860057E-02   8.98353010E-02   9.66574326E-02  0.103702493      0.118431218      0.133954838      0.150197566      0.167076156      0.184501812      0.202382296      0.220624000      0.239133894      0.257821321      0.276599467      0.295386553    
   2.08845586E-02   2.93507185E-02   3.93131003E-02   5.08003980E-02   6.38112649E-02   7.83142969E-02   9.42490771E-02  0.111527987      0.130038783      0.139715180      0.149648130      0.170205817      0.191549733      0.213511080      0.235919446      0.258607805      0.281416684      0.304197639      0.326815844      0.349151671      0.371101618      0.392578214    
   3.02314907E-02   4.25350182E-02   5.70315607E-02   7.37357214E-02   9.25888643E-02  0.113460973      0.136159316      0.160440803      0.186026216      0.199214354      0.212614775      0.239898160      0.267573237      0.295352817      0.322974235      0.350205600      0.376849294      0.402743429      0.427761167      0.451808542      0.474821091      0.496760011    
   4.38422970E-02   6.17504120E-02   8.27940777E-02  0.106869556      0.133720577      0.162962303      0.194118008      0.226659566      0.260045350      0.276889831      0.293752044      0.327299178      0.360265851      0.392300636      0.423125118      0.452532917      0.480384350      0.506598830      0.531145394      0.554033041      0.575301170      0.595010817    
   6.36934265E-02   8.96781534E-02  0.119862720      0.153763056      0.190657943      0.229681686      0.269920319      0.310492933      0.350609750      0.370284200      0.389606386      0.426958233      0.462280214      0.495317191      0.525928676      0.554069996      0.579773188      0.603127301      0.624261320      0.643328547      0.660494566      0.675927460    
   9.26709846E-02  0.129944593      0.172164783      0.218030587      0.266043454      0.314715385      0.362722129      0.408988088      0.452712595      0.473443896      0.493356317      0.530607760      0.564342558      0.594582915      0.621460438      0.645182788      0.666005731      0.684209049      0.700078487      0.713891983      0.725910306      0.736371577    
  0.134556532      0.186607525      0.243067294      0.301390827      0.359251291      0.414791226      0.466701001      0.514179707      0.556841195      0.576332271      0.594609678      0.627628744      0.656188607      0.680670261      0.701502502      0.719129384      0.733985484      0.746479094      0.756981552      0.765821397      0.773283303      0.779609263    
  0.193422064      0.262595147      0.332939893      0.400852114      0.463897049      0.520723999      0.570805550      0.614165068      0.651161551      0.667440057      0.682341874      0.708344817      0.729838908      0.747480929      0.761888266      0.773621082      0.783172727      0.790966928      0.797359467      0.802643239      0.807055235      0.810784638    
  0.271829545      0.356905520      0.436410546      0.507260978      0.568460584      0.620214641      0.663305342      0.698738933      0.727569222      0.739828825      0.750813901      0.769414306      0.784215033      0.795954347      0.805262208      0.812664509      0.818590820      0.823385715      0.827320457      0.830605328      0.833400667      0.835826874    
  0.367259383      0.461434871      0.541332364      0.606929600      0.659914136      0.702322900      0.736051202      0.762736142      0.783758402      0.792514265      0.800270379      0.813224494      0.823399186      0.831422508      0.837794483      0.842908025      0.847067893      0.850507617      0.853403747      0.855888486      0.858059227      0.859987319    
  0.471046418      0.563415051      0.634641171      0.689129710      0.730966628      0.763267100      0.788327575      0.807860732      0.823163569      0.829547703      0.835225880      0.844804406      0.852477014      0.858684123      0.863761008      0.867962420      0.871481836      0.874465883      0.877025604      0.879244804      0.881186545      0.882898331    
  0.569942594      0.650419176      0.707796276      0.749754310      0.781267166      0.805428684      0.824244499      0.839085817      0.850926101      0.855949521      0.860471308      0.868240476      0.874619246      0.879897892      0.884297490      0.887988269      0.891102850      0.893745124      0.895997047      0.897923410      0.899575591      0.900994182    
  0.653814614      0.717272520      0.760485768      0.791898370      0.815866947      0.834722519      0.849844098      0.862131417      0.872211814      0.876571834      0.880540907      0.887458801      0.893225670      0.898044825      0.902078152      0.905456483      0.908286870      0.910656989      0.912639022      0.914292455      0.915666044      0.916799784    
  0.718526900      0.765203834      0.797087669      0.821178615      0.840425849      0.856206059      0.869294107      0.880207419      0.889329851      0.893315792      0.896961629      0.903344512      0.908676565      0.913122475      0.916820347      0.919886529      0.922419012      0.924500465      0.926200032      0.927575588      0.928675056      0.929538429    
  0.765825748      0.799737513      0.824101985      0.843631506      0.859950662      0.873736858      0.885389507      0.895215452      0.903476298      0.907092154      0.910399675      0.916183174      0.920997620      0.924989879      0.928285658      0.930992186      0.933200300      0.934986770      0.936415911      0.937541544      0.938408494      0.939053893    
  0.803860188      0.829945624      0.849613845      0.865875661      0.879683077      0.891443849      0.901428878      0.909868717      0.916971087      0.920079887      0.922922671      0.927888572      0.932013094      0.935420990      0.938219666      0.940500617      0.942341805      0.943809032      0.944957674      0.945834279      0.946477711      0.946920574    
  0.837851822      0.859227777      0.875300348      0.888437092      0.899501204      0.908898234      0.916881621      0.923645318      0.929353058      0.931856334      0.934147775      0.938154995      0.941484630      0.944232285      0.946480751      0.948301315      0.949754894      0.950893641      0.951761663      0.952396393      0.952829659      0.953088045    
  0.866354704      0.884015977      0.896786690      0.906953275      0.915443420      0.922676086      0.928871512      0.934171140      0.938684464      0.940676093      0.942505538      0.945718706      0.948399842      0.950616837      0.952429831      0.953891814      0.955048919      0.955941260      0.956603348      0.957065046      0.957351863      0.957485676    
  0.887780666      0.902300477      0.912319303      0.920111835      0.926619291      0.932231307      0.937115908      0.941359520      0.945022583      0.946653128      0.948158383      0.950818479      0.953052521      0.954907537      0.956427097      0.957650602      0.958613634      0.959347665      0.959880471      0.960236430      0.960436821      0.960500121    
  0.903081775      0.915217638      0.923210979      0.929291964      0.934386790      0.938851118      0.942810297      0.946309507      0.949373484      0.950749815      0.952026844      0.954297781      0.956217706      0.957819045      0.959133565      0.960191548      0.961021066      0.961647749      0.962094724      0.962382674      0.962529898      0.962552667    
  0.913779318      0.924139678      0.930684745      0.935568452      0.939685643      0.943359673      0.946682811      0.949670374      0.952322364      0.953523636      0.954643369      0.956645846      0.958348632      0.959774375      0.960947037      0.961890757      0.962628663      0.963182628      0.963572681      0.963817179      0.963932574      0.963933647    
  0.921538830      0.930576980      0.936070204      0.940091193      0.943504393      0.946608126      0.949470699      0.952086389      0.954437554      0.955510497      0.956514537      0.958318710      0.959860086      0.961154342      0.962220013      0.963077068      0.963745296      0.964244068      0.964591503      0.964804351      0.964897931      0.964886129    
