          51          22
   7.02274678E-14   1.19118474E-13   1.86407205E-13   2.74997391E-13   3.87788949E-13   5.27668241E-13   6.97505313E-13   9.00155167E-13   1.13846161E-12   1.27187236E-12   1.41526038E-12   1.73338319E-12   2.09565915E-12   2.50491750E-12   2.96398756E-12   3.47569998E-12   4.04288669E-12   4.66838113E-12   5.35501634E-12   6.10562772E-12   6.92304894E-12   7.81011540E-12
   1.46596927E-13   2.48654884E-13   3.89117314E-13   5.74045694E-13   8.09493369E-13   1.10148566E-12   1.45601337E-12   1.87903664E-12   2.37649136E-12   2.65498084E-12   2.95429740E-12   3.61836559E-12   4.37460181E-12   5.22891149E-12   6.18720093E-12   7.25537989E-12   8.43935859E-12   9.74505199E-12   1.11783742E-11   1.27452441E-11   1.44515780E-11   1.63032920E-11
   3.06181106E-13   5.19338533E-13   8.12707161E-13   1.19894697E-12   1.69070107E-12   2.30055363E-12   3.04101731E-12   3.92453995E-12   4.96351961E-12   5.54517066E-12   6.17032076E-12   7.55728726E-12   9.13675559E-12   1.09210601E-11   1.29225354E-11   1.51535243E-11   1.76263726E-11   2.03534307E-11   2.33470569E-11   2.66196076E-11   3.01834391E-11   3.40509149E-11
   6.40775790E-13   1.08687159E-12   1.70083348E-12   2.50915608E-12   3.53829899E-12   4.81459837E-12   6.36424073E-12   8.21327641E-12   1.03876534E-11   1.16049323E-11   1.29132460E-11   1.58158903E-11   1.91214006E-11   2.28555907E-11   2.70442783E-11   3.17132917E-11   3.68884645E-11   4.25956527E-11   4.88607141E-11   5.57095030E-11   6.31678945E-11   7.12617396E-11
   1.33739829E-12   2.26846927E-12   3.54990278E-12   5.23699747E-12   7.38497805E-12   1.00488116E-11   1.32831558E-11   1.71423795E-11   2.16806399E-11   2.42212899E-11   2.69519424E-11   3.30102091E-11   3.99093224E-11   4.77031539E-11   5.64455913E-11   6.61905392E-11   7.69919337E-11   8.89037108E-11   1.01979855E-10   1.16274344E-10   1.31841149E-10   1.48734261E-10
   2.79631158E-12   4.74304970E-12   7.42234659E-12   1.09498244E-11   1.54409489E-11   2.10106498E-11   2.77732073E-11   3.58423013E-11   4.53311624E-11   5.06433021E-11   5.63527142E-11   6.90196927E-11   8.34447650E-11   9.97405630E-11   1.18019775E-10   1.38395073E-10   1.60979258E-10   1.85885113E-10   2.13225479E-10   2.43113224E-10   2.75661216E-10   3.10982295E-10
   5.84164011E-12   9.90847768E-12   1.55056679E-11   2.28747507E-11   3.22569436E-11   4.38923377E-11   5.80196689E-11   7.48764245E-11   9.46991444E-11   1.05796476E-10   1.17723734E-10   1.44185705E-10   1.74320419E-10   2.08363188E-10   2.46549364E-10   2.89114427E-10   3.36293937E-10   3.88323540E-10   4.45438936E-10   5.07875964E-10   5.75870351E-10   6.49657883E-10
   1.22070869E-11   2.07054252E-11   3.24016959E-11   4.78006280E-11   6.74062889E-11   9.17204021E-11   1.21241822E-10   1.56466839E-10   1.97889719E-10   2.21079460E-10   2.46003440E-10   3.01300151E-10   3.64271668E-10   4.35409708E-10   5.15206100E-10   6.04152894E-10   7.02742309E-10   8.11466783E-10   9.30818922E-10   1.06129150E-09   1.20337706E-09   1.35756839E-09
   2.54943566E-11   4.32430376E-11   6.76705567E-11   9.98310462E-11   1.40777237E-10   1.91556951E-10   2.53212090E-10   3.26779076E-10   4.13290263E-10   4.61721716E-10   5.13775134E-10   6.29261643E-10   7.60776775E-10   9.09347653E-10   1.07600140E-09   1.26176547E-09   1.46766810E-09   1.69473768E-09   1.94400296E-09   2.21649299E-09   2.51323651E-09   2.83526291E-09
   5.32699648E-11   9.03554870E-11   1.41396311E-10   2.08595016E-10   2.94151287E-10   4.00254496E-10   5.29081667E-10   6.82798373E-10   8.63561722E-10   9.64758273E-10   1.07352283E-09   1.31482936E-09   1.58962754E-09   1.90006322E-09   2.24828245E-09   2.63643263E-09   3.06666159E-09   3.54111829E-09   4.06195255E-09   4.63131400E-09   5.25135269E-09   5.92421934E-09
   1.11333179E-10   1.88841179E-10   2.95515473E-10   4.35959435E-10   6.14770290E-10   8.36523850E-10   1.10576992E-09   1.42703471E-09   1.80482629E-09   2.01632488E-09   2.24364038E-09   2.74796563E-09   3.32228756E-09   3.97109101E-09   4.69886130E-09   5.51008572E-09   6.40925402E-09   7.40085682E-09   8.48938786E-09   9.67933911E-09   1.09752047E-08   1.23814772E-08
   2.32572628E-10   3.94485167E-10   6.17325469E-10   9.10709841E-10   1.28424171E-09   1.74747994E-09   2.30992891E-09   2.98104341E-09   3.77024101E-09   4.21205648E-09   4.68691308E-09   5.74043613E-09   6.94017999E-09   8.29551361E-09   9.81580595E-09   1.15104326E-08   1.33887701E-08   1.54602002E-08   1.77341093E-08   2.02198827E-08   2.29269084E-08   2.58645709E-08
   4.85832652E-10   8.24059876E-10   1.28956201E-09   1.90242710E-09   2.68271649E-09   3.65039732E-09   4.82532414E-09   6.22724716E-09   7.87583865E-09   8.79876794E-09   9.79071757E-09   1.19914692E-08   1.44976680E-08   1.73288832E-08   2.05046877E-08   2.40446631E-08   2.79684009E-08   3.22954961E-08   3.70455560E-08   4.22381845E-08   4.78929927E-08   5.40295844E-08
   1.01332720E-09   1.71878578E-09   2.68970846E-09   3.96799349E-09   5.59548363E-09   7.61382513E-09   1.00644293E-08   1.29884903E-08   1.64270375E-08   1.83520346E-08   2.04209911E-08   2.50112002E-08   3.02384926E-08   3.61436818E-08   4.27675921E-08   5.01510691E-08   5.83349689E-08   6.73601619E-08   7.72675435E-08   8.80980053E-08   9.98924392E-08   1.12691744E-07
   2.11918749E-09   3.59452357E-09   5.62502844E-09   8.29832469E-09   1.17019168E-08   1.59229003E-08   2.10478781E-08   2.71629954E-08   3.43540592E-08   3.83798167E-08   4.27066382E-08   5.23061701E-08   6.32380193E-08   7.55875504E-08   8.94401424E-08   1.04881188E-07   1.21996152E-07   1.40870497E-07   1.61589739E-07   1.84239383E-07   2.08904979E-07   2.35672005E-07
   4.43225900E-09   7.51790807E-09   1.17646852E-08   1.73558519E-08   2.44744189E-08   3.33025447E-08   4.40213448E-08   5.68110003E-08   7.18509554E-08   8.02707376E-08   8.93201744E-08   1.09397341E-07   1.32260993E-07   1.58089662E-07   1.87061872E-07   2.19356281E-07   2.55151548E-07   2.94626489E-07   3.37959875E-07   3.85330566E-07   4.36917446E-07   4.92899289E-07
   9.24886479E-09   1.56877338E-08   2.45495428E-08   3.62166972E-08   5.10710905E-08   6.94928204E-08   9.18598104E-08   1.18548016E-07   1.49931893E-07   1.67501412E-07   1.86384838E-07   2.28279703E-07   2.75989038E-07   3.29885324E-07   3.90341114E-07   4.57729101E-07   5.32422177E-07   6.14793350E-07   7.05215712E-07   8.04062438E-07   9.11706650E-07   1.02852152E-06
   1.93468175E-08   3.28156595E-08   5.13528029E-08   7.57581589E-08   1.06830534E-07   1.45364993E-07   1.92152029E-07   2.47978051E-07   3.13626202E-07   3.50377718E-07   3.89877584E-07   4.77511946E-07   5.77308640E-07   6.90046591E-07   8.16505178E-07   9.57463953E-07   1.11370264E-06   1.28600141E-06   1.47514072E-06   1.68190093E-06   1.90706248E-06   2.15140562E-06
   4.03985538E-08   6.85231285E-08   1.07230896E-07   1.58192137E-07   2.23074778E-07   3.03538911E-07   4.01235070E-07   5.17805063E-07   6.54884218E-07   7.31624425E-07   8.14103203E-07   9.97090183E-07   1.20547190E-06   1.44087517E-06   1.70492672E-06   1.99925398E-06   2.32548541E-06   2.68524946E-06   3.08017525E-06   3.51189169E-06   3.98202837E-06   4.49221398E-06
   8.44011012E-08   1.43159141E-07   2.24027559E-07   3.30495766E-07   4.66048249E-07   6.34152912E-07   8.38257563E-07   1.08179199E-06   1.36817175E-06   1.52849339E-06   1.70080318E-06   2.08308711E-06   2.51842175E-06   3.01020441E-06   3.56183341E-06   4.17670799E-06   4.85822829E-06   5.60979652E-06   6.43481417E-06   7.33668458E-06   8.31880880E-06   9.38458743E-06
   1.76393243E-07   2.99193630E-07   4.68202870E-07   6.90713307E-07   9.74006525E-07   1.32532909E-06   1.75188552E-06   2.26084194E-06   2.85933470E-06   3.19438209E-06   3.55448105E-06   4.35338598E-06   5.26314898E-06   6.29086844E-06   7.44364297E-06   8.72857436E-06   1.01527658E-05   1.17233221E-05   1.34473503E-05   1.53319561E-05   1.73842454E-05   1.96113160E-05
   3.68473764E-07   6.24994300E-07   9.78040589E-07   1.44284445E-06   2.03461445E-06   2.76848459E-06   3.65949995E-06   4.72262491E-06   5.97276085E-06   6.67260292E-06   7.42476823E-06   9.09348091E-06   1.09937218E-05   1.31403112E-05   1.55480684E-05   1.82318181E-05   2.12063860E-05   2.44866060E-05   2.80873046E-05   3.20233084E-05   3.63094441E-05   4.09605200E-05
   7.69836902E-07   1.30577064E-06   2.04336629E-06   3.01444334E-06   4.25076860E-06   5.78394975E-06   7.64540528E-06   9.86638224E-06   1.24779917E-05   1.39399826E-05   1.55112593E-05   1.89971543E-05   2.29666184E-05   2.74505837E-05   3.24799839E-05   3.80857564E-05   4.42988385E-05   5.11501712E-05   5.86706883E-05   6.68913053E-05   7.58429233E-05   8.55564067E-05
   1.60859349E-06   2.72842703E-06   4.26962197E-06   6.29865053E-06   8.88186605E-06   1.20852774E-05   1.59744850E-05   2.06147179E-05   2.60709239E-05   2.91252545E-05   3.24078501E-05   3.96901232E-05   4.79823066E-05   5.73489415E-05   6.78545475E-05   7.95636515E-05   9.25407585E-05   1.06850362E-04   1.22556914E-04   1.39724783E-04   1.58418319E-04   1.78701710E-04
   3.36206449E-06   5.70254497E-06   8.92364187E-06   1.31642373E-05   1.85629306E-05   2.52575592E-05   3.33850658E-05   4.30815853E-05   5.44826253E-05   6.08645605E-05   6.77232529E-05   8.29382479E-05   1.00262238E-04   1.19829747E-04   1.41775250E-04   1.66233163E-04   1.93337808E-04   2.23223382E-04   2.56023952E-04   2.91873323E-04   3.30905052E-04   3.73252318E-04
   7.02325497E-06   1.19123033E-05   1.86407397E-05   2.74985141E-05   3.87748660E-05   5.27572956E-05   6.97313080E-05   8.99805673E-05   1.13787326E-04   1.27112682E-04   1.41432800E-04   1.73197492E-04   2.09361475E-04   2.50204466E-04   2.96005979E-04   3.47045163E-04   4.03600861E-04   4.65951365E-04   5.34374383E-04   6.09146897E-04   6.90544897E-04   7.78843241E-04
   1.46610791E-05   2.48664892E-05   3.89109482E-05   5.73991165E-05   8.09337362E-05   1.10113426E-04   1.45532103E-04   1.87779428E-04   2.37441578E-04   2.65235663E-04   2.95102189E-04   3.61343002E-04   4.36744478E-04   5.21885871E-04   6.17345446E-04   7.23700272E-04   8.41526198E-04   9.71397036E-04   1.11388473E-03   1.26955868E-03   1.43898488E-03   1.62272644E-03
   3.06217298E-05   5.19354035E-05   8.12649960E-05   1.19871169E-04   1.69008956E-04   2.29922996E-04   3.03846231E-04   3.92000919E-04   4.95600456E-04   5.53569349E-04   6.15851488E-04   7.53955217E-04   9.11108800E-04   1.08850561E-03   1.28733530E-03   1.50878343E-03   1.75403070E-03   2.02425173E-03   2.32061441E-03   2.64427788E-03   2.99639138E-03   3.37809348E-03
   6.40863000E-05   1.08685992E-04   1.70052444E-04   2.50815297E-04   3.53586569E-04   4.80949733E-04   6.35457109E-04   8.19632551E-04   1.03597576E-03   1.15698623E-03   1.28696754E-03   1.57507323E-03   1.90274487E-03   2.27242289E-03   2.68653478E-03   3.14749428E-03   3.65769793E-03   4.21952223E-03   4.83532017E-03   5.50741609E-03   6.23810245E-03   7.02963630E-03
   1.33757305E-04   2.26819873E-04   3.54841904E-04   5.23278373E-04   7.37525872E-04   1.00289774E-03   1.32461940E-03   1.70783640E-03   2.15762737E-03   2.40906025E-03   2.67901667E-03   3.27698328E-03   3.95646645E-03   4.72236658E-03   5.57954330E-03   6.53280690E-03   7.58691086E-03   8.74653924E-03   1.00162942E-02   1.14006838E-02   1.29041085E-02   1.45308506E-02
   2.79648200E-04   4.74126718E-04   7.41559197E-04   1.09322276E-03   1.54019613E-03   2.09330325E-03   2.76310882E-03   3.55994748E-03   4.49396018E-03   5.01553202E-03   5.57513069E-03   6.81330729E-03   8.21821485E-03   9.79944970E-03   1.15664667E-02   1.35285500E-02   1.56947784E-02   1.80739909E-02   2.06747353E-02   2.35052295E-02   2.65733246E-02   2.98864692E-02
   5.84069348E-04   9.89915105E-04   1.54761155E-03   2.28024856E-03   3.21025075E-03   4.35925182E-03   5.74811082E-03   7.39701092E-03   9.32557043E-03   1.04007246E-02   1.15529420E-02   1.40978610E-02   1.69786587E-02   2.02132314E-02   2.38189586E-02   2.78125983E-02   3.22101675E-02   3.70267853E-02   4.22765352E-02   4.79723364E-02   5.41257970E-02   6.07471429E-02
   1.21982046E-03   2.06611888E-03   3.22761061E-03   4.75090696E-03   6.68044016E-03   9.05818865E-03   1.19238002E-02   1.53149115E-02   1.92674864E-02   2.14651674E-02   2.38160565E-02   2.89938115E-02   3.48325558E-02   4.13624868E-02   4.86118905E-02   5.66067025E-02   6.53700382E-02   7.49217346E-02   8.52778479E-02   9.64502916E-02  0.108446486      0.121269181    
   2.54428154E-03   4.30448353E-03   6.71489630E-03   9.86711681E-03   1.38456337E-02   1.87272839E-02   2.45818328E-02   3.14730294E-02   3.94595750E-02   4.38807160E-02   4.85956818E-02   5.89310974E-02   7.05106109E-02   8.33730847E-02   9.75501984E-02  0.113064967      0.129930258      0.148147479      0.167705446      0.188579723      0.210732371      0.234112188    
   5.30139031E-03   8.95002484E-03   1.39266653E-02   2.04020664E-02   2.85236519E-02   3.84148583E-02   5.01777418E-02   6.38965219E-02   7.96403140E-02   8.82893428E-02   9.74641293E-02  0.117408037      0.139494807      0.163726538      0.190080851      0.218507409      0.248925209      0.281221241      0.315250784      0.350839525      0.387787491      0.425874472    
   1.10163949E-02   1.85270533E-02   2.86985636E-02   4.18139100E-02   5.80800958E-02   7.76305422E-02  0.100536473      0.126818895      0.156455740      0.172513768      0.189382970      0.225490898      0.264618009      0.306545287      0.350992739      0.397620469      0.446034461      0.495797753      0.546445787      0.597504675      0.648510575      0.699027777    
   2.27568578E-02   3.80116589E-02   5.84056973E-02   8.42712820E-02  0.115703203      0.152587429      0.194650695      0.241502240      0.292656958      0.319672704      0.347543389      0.405506998      0.465817511      0.527685344      0.590288222      0.652805209      0.714454830      0.774530649      0.832430780      0.887678385      0.939929783      0.988973498    
   4.65610400E-02   7.68491104E-02  0.116387136      0.165010214      0.221896350      0.285759479      0.355068505      0.428210050      0.503587663      0.541636169      0.579683244      0.655104935      0.728628218      0.799230158      0.866110981      0.928700387      0.986649275       1.03980887       1.08820152       1.13198614       1.17142451       1.20684743    
   9.35617015E-02  0.151224270      0.223188177      0.306685328      0.397724777      0.492042959      0.585841894      0.676156700      0.760937810      0.800845325      0.838971555      0.909725070      0.973167837       1.02960432       1.07953572       1.12355959       1.16230261       1.19638002       1.22637439       1.25282502       1.27622402       1.29701602    
  0.182914391      0.284821779      0.401590645      0.523349941      0.640829623      0.747702658      0.840974271      0.920193493      0.986419797       1.01519465       1.04139495       1.08701253       1.12503147       1.15695548       1.18401074       1.20717061       1.22720027       1.24470186       1.26015437       1.27394474       1.28639066       1.29775715    
  0.338508368      0.494491905      0.648212790      0.783179641      0.892432332      0.976805568       1.04069710       1.08906794       1.12615657       1.14151597       1.15518939       1.17848778       1.19767284       1.21386099       1.22781873       1.24007750       1.25101388       1.26090527       1.26996481       1.27836502       1.28625107       1.29374826    
  0.569400311      0.756804943      0.904442430       1.00792778       1.07621872       1.12067831       1.15019381       1.17060959       1.18550932       1.19159961       1.19703710       1.20646870       1.21456492       1.22178125       1.22839344       1.23457372       1.24043632       1.24606466       1.25152707       1.25688481       1.26219606       1.26751578    
  0.839566350       1.00198412       1.09938073       1.15156019       1.17773390       1.19037378       1.19636369       1.19925737       1.20084715       1.20145416       1.20202887       1.20324123       1.20468628       1.20644307       1.20852876       1.21093249       1.21363544       1.21662033       1.21987689       1.22340274       1.22720230       1.23128569    
   1.07097888       1.17175043       1.21516502       1.22830069       1.22777641       1.22207189       1.21509826       1.20852494       1.20298564       1.20066679       1.19865119       1.19549167       1.19339752       1.19223535       1.19187617       1.19220686       1.19313586       1.19459379       1.19653130       1.19891620       1.20172918       1.20496058    
   1.20673013       1.25173736       1.26062799       1.25322533       1.24011600       1.22622848       1.21358359       1.20284963       1.19411004       1.19044566       1.18721592       1.18194306       1.17805910       1.17535245       1.17364264       1.17278290       1.17265892       1.17318475       1.17429852       1.17595756       1.17813337       1.18080711    
   1.24372745       1.25655198       1.25111270       1.23801327       1.22296870       1.20863616       1.19605374       1.18548691       1.17686510       1.17322350       1.16998982       1.16463017       1.16056561       1.15760243       1.15558004       1.15437019       1.15387523       1.15402269       1.15476143       1.15605628       1.15788388       1.16022873    
   1.23123229       1.23237574       1.22477353       1.21314466       1.20053840       1.18856502       1.17793381       1.16886342       1.16133082       1.15810287       1.15520728       1.15032923       1.14653432       1.14367759       1.14163792       1.14031994       1.13965154       1.13958097       1.14007258       1.14110303       1.14265728       1.14472568    
   1.21231496       1.21021819       1.20349646       1.19412017       1.18390572       1.17400563       1.16501784       1.15718246       1.15053701       1.14764261       1.14501750       1.14051855       1.13692617       1.13413537       1.13205767       1.13062358       1.12978196       1.12949729       1.12974620       1.13051462       1.13179410       1.13357937    
   1.19640791       1.19229734       1.18620408       1.17853141       1.17023230       1.16207564       1.15453124       1.14782655       1.14203072       1.13946939       1.13712347       1.13304257       1.12971234       1.12706029       1.12502456       1.12355733       1.12262464       1.12220383       1.12228215       1.12285268       1.12391269       1.12546051    
   1.18363750       1.17810643       1.17252910       1.16619921       1.15942383       1.15267289       1.14630949       1.14054525       1.13547003       1.13319659       1.13109601       1.12739372       1.12431717       1.12181842       1.11985588       1.11839783       1.11742258       1.11691725       1.11687577       1.11729658       1.11818039       1.11952817    
   1.17385900       1.16724670       1.16198170       1.15659893       1.15093839       1.14524090       1.13978064       1.13474953       1.13024831       1.12820876       1.12631059       1.12292969       1.12008023       1.11773193       1.11585701       1.11443448       1.11345077       1.11289883       1.11277664       1.11308563       1.11382842       1.11500740    
