          51          22
   4.96926310E-04   6.07189664E-04   7.19316769E-04   8.31967860E-04   9.44825995E-04   1.05724717E-03   1.16756430E-03   1.27328571E-03   1.37173664E-03   1.41750346E-03   1.46065722E-03   1.53845397E-03   1.60405179E-03   1.65648852E-03   1.69447437E-03   1.71612180E-03   1.71897758E-03   1.70040666E-03   1.65827805E-03   1.59178267E-03   1.50211400E-03   1.39272434E-03
   5.97306178E-04   7.29843276E-04   8.64620844E-04   1.00002834E-03   1.13568490E-03   1.27081655E-03   1.40341942E-03   1.53049838E-03   1.64883875E-03   1.70385174E-03   1.75572408E-03   1.84923946E-03   1.92809408E-03   1.99113414E-03   2.03681737E-03   2.06289277E-03   2.06645019E-03   2.04439485E-03   1.99428177E-03   1.91529514E-03   1.80903554E-03   1.67977088E-03
   7.18060823E-04   8.77392886E-04   1.03941874E-03   1.20220229E-03   1.36528572E-03   1.52773818E-03   1.68715126E-03   1.83992425E-03   1.98219274E-03   2.04832968E-03   2.11069128E-03   2.22311891E-03   2.31792592E-03   2.39373068E-03   2.44869175E-03   2.48013088E-03   2.48460332E-03   2.45848461E-03   2.39898101E-03   2.30529718E-03   2.17954023E-03   2.02695420E-03
   8.63663037E-04   1.05530419E-03   1.25018600E-03   1.44597969E-03   1.64213462E-03   1.83753145E-03   2.02927343E-03   2.21302966E-03   2.38415273E-03   2.46370444E-03   2.53871572E-03   2.67395261E-03   2.78800377E-03   2.87921727E-03   2.94539914E-03   2.98336963E-03   2.98906327E-03   2.95824674E-03   2.88773910E-03   2.77679460E-03   2.62813643E-03   2.44816486E-03
   1.03808928E-03   1.26843643E-03   1.50267966E-03   1.73802010E-03   1.97379594E-03   2.20866152E-03   2.43913545E-03   2.66001280E-03   2.86570750E-03   2.96133244E-03   3.05150147E-03   3.21407313E-03   3.35119525E-03   3.46090016E-03   3.54058621E-03   3.58649716E-03   3.59385787E-03   3.55774700E-03   3.47455870E-03   3.34362872E-03   3.16840759E-03   2.95663159E-03
   1.24829833E-03   1.52529322E-03   1.80697499E-03   2.08997820E-03   2.37350632E-03   2.65594246E-03   2.93309987E-03   3.19872051E-03   3.44608817E-03   3.56108951E-03   3.66953202E-03   3.86506482E-03   4.03002370E-03   4.16207500E-03   4.25815210E-03   4.31384612E-03   4.32358030E-03   4.28166613E-03   4.18403652E-03   4.03014058E-03   3.82426963E-03   3.57567868E-03
   1.50075322E-03   1.83377322E-03   2.17243121E-03   2.51268107E-03   2.85356562E-03   3.19314050E-03   3.52637353E-03   3.84574197E-03   4.14317381E-03   4.28145565E-03   4.41185664E-03   4.64700907E-03   4.84546041E-03   5.00446558E-03   5.12044644E-03   5.18828025E-03   5.20151993E-03   5.15364856E-03   5.04011242E-03   4.86050313E-03   4.62004170E-03   4.32964973E-03
   1.80440408E-03   2.20481516E-03   2.61201034E-03   3.02112545E-03   3.43100959E-03   3.83932539E-03   4.24002390E-03   4.62406222E-03   4.98173945E-03   5.14804060E-03   5.30487439E-03   5.58774546E-03   5.82659664E-03   6.01823814E-03   6.15856284E-03   6.24170993E-03   6.26033125E-03   6.20705960E-03   6.07684534E-03   5.86943841E-03   5.59102977E-03   5.25427843E-03
   2.16919882E-03   2.65057851E-03   3.14012403E-03   3.63198738E-03   4.12478577E-03   4.61571012E-03   5.09749074E-03   5.55926049E-03   5.98936528E-03   6.18936075E-03   6.37799082E-03   6.71830634E-03   7.00590294E-03   7.23714940E-03   7.40744639E-03   7.51024764E-03   7.53735844E-03   7.48060318E-03   7.33446004E-03   7.09881634E-03   6.78077294E-03   6.39464939E-03
   2.60807411E-03   3.18687875E-03   3.77551862E-03   4.36696364E-03   4.95955115E-03   5.54990489E-03   6.12928951E-03   6.68464648E-03   7.20197987E-03   7.44257076E-03   7.66952615E-03   8.07916466E-03   8.42578616E-03   8.70538224E-03   8.91300384E-03   9.04159620E-03   9.08230804E-03   9.02630482E-03   8.86764936E-03   8.60629324E-03   8.25002510E-03   7.81452097E-03
   3.13596684E-03   3.83198098E-03   4.53985203E-03   5.25112776E-03   5.96380979E-03   6.67384174E-03   7.37072760E-03   8.03878065E-03   8.66119936E-03   8.95072613E-03   9.22391005E-03   9.71730892E-03   1.01355901E-02   1.04745394E-02   1.07291546E-02   1.08922562E-02   1.09547153E-02   1.09073464E-02   1.07439179E-02   1.04642920E-02   1.00765210E-02   9.59701184E-03
   3.77031998E-03   4.60722391E-03   5.45843691E-03   6.31380081E-03   7.17091234E-03   8.02490208E-03   8.86316504E-03   9.66686755E-03   1.04158605E-02   1.07643800E-02   1.10933436E-02   1.16880462E-02   1.21935420E-02   1.26057379E-02   1.29201030E-02   1.31299673E-02   1.32265780E-02   1.32009070E-02   1.30466446E-02   1.27633745E-02   1.23587800E-02   1.18490383E-02
   4.53308783E-03   5.53947641E-03   6.56316662E-03   7.59194791E-03   8.62293318E-03   9.65027977E-03   1.06588602E-02   1.16260778E-02   1.25277955E-02   1.29475808E-02   1.33440131E-02   1.40616167E-02   1.46737415E-02   1.51769277E-02   1.55679025E-02   1.58414543E-02   1.59901548E-02   1.60059035E-02   1.58827044E-02   1.56197269E-02   1.52235795E-02   1.47090182E-02
   5.44827804E-03   6.65815128E-03   7.88899139E-03   9.12613049E-03   1.03661027E-02   1.16019081E-02   1.28154159E-02   1.39795495E-02   1.50654493E-02   1.55713186E-02   1.60493776E-02   1.69162229E-02   1.76589582E-02   1.82754658E-02   1.87647697E-02   1.91243459E-02   1.93493366E-02   1.94336232E-02   1.93721894E-02   1.91639047E-02   1.88137833E-02   1.83340348E-02
   6.55294722E-03   8.00866913E-03   9.48991999E-03   1.09790713E-02   1.24719627E-02   1.39602190E-02   1.54221272E-02   1.68252680E-02   1.81351621E-02   1.87459532E-02   1.93237048E-02   2.03735922E-02   2.12779939E-02   2.20369883E-02   2.26531252E-02   2.31280364E-02   2.34609190E-02   2.36489791E-02   2.36891955E-02   2.35807002E-02   2.33269092E-02   2.29368415E-02
   7.88237248E-03   9.63438675E-03   1.14176674E-02   1.32110380E-02   1.50095103E-02   1.68030914E-02   1.85658392E-02   2.02590134E-02   2.18415055E-02   2.25803629E-02   2.32800990E-02   2.45550703E-02   2.56601274E-02   2.65984219E-02   2.73773223E-02   2.80041080E-02   2.84836087E-02   2.88178492E-02   2.90071480E-02   2.90519781E-02   2.89548952E-02   2.87219789E-02
   9.47716832E-03   1.15853734E-02   1.37321772E-02   1.58921704E-02   1.80593897E-02   2.02219747E-02   2.23490559E-02   2.43945066E-02   2.63094585E-02   2.72051338E-02   2.80547291E-02   2.96078287E-02   3.09632383E-02   3.21279466E-02   3.31152827E-02   3.39395329E-02   3.46126072E-02   3.51428278E-02   3.55353132E-02   3.57933380E-02   3.59199718E-02   3.59195583E-02
   1.14035262E-02   1.39433434E-02   1.65314358E-02   1.91373341E-02   2.17539240E-02   2.43672263E-02   2.69406885E-02   2.94196121E-02   3.17460671E-02   3.28369364E-02   3.38738672E-02   3.57771926E-02   3.74513231E-02   3.89076211E-02   4.01662737E-02   4.12497148E-02   4.21781689E-02   4.29675728E-02   4.36292589E-02   4.41708639E-02   4.45976630E-02   4.49140184E-02
   1.37188537E-02   1.67798977E-02   1.99023504E-02   2.30497513E-02   2.62136552E-02   2.93777715E-02   3.24992053E-02   3.55135612E-02   3.83525565E-02   3.96884121E-02   4.09618430E-02   4.33114916E-02   4.53972556E-02   4.72349599E-02   4.88520898E-02   5.02798781E-02   5.15476987E-02   5.26800267E-02   5.36955334E-02   5.46075217E-02   5.54250740E-02   5.61543927E-02
   1.65126566E-02   2.02071108E-02   2.39815768E-02   2.77925301E-02   3.16299982E-02   3.54752950E-02   3.92786860E-02   4.29651216E-02   4.64547314E-02   4.81047519E-02   4.96837460E-02   5.26170060E-02   5.52499071E-02   5.76022491E-02   5.97086325E-02   6.16091900E-02   6.33427426E-02   6.49428442E-02   6.64362237E-02   6.78428113E-02   6.91767186E-02   7.04475194E-02
   1.98883750E-02   2.43562832E-02   2.89317295E-02   3.35629508E-02   3.82382087E-02   4.29364927E-02   4.76010703E-02   5.21456711E-02   5.64778782E-02   5.85398674E-02   6.05231971E-02   6.42397851E-02   6.76211640E-02   7.06897452E-02   7.34861717E-02   7.60587081E-02   7.84552321E-02   8.07182863E-02   8.28828588E-02   8.49760026E-02   8.70176330E-02   8.90217051E-02
   2.39715241E-02   2.93896329E-02   3.49577367E-02   4.06146348E-02   4.63463999E-02   5.21298200E-02   5.79013787E-02   6.35635182E-02   6.90106750E-02   7.16253147E-02   7.41563961E-02   7.89502338E-02   8.33815262E-02   8.74728560E-02   9.12686214E-02   9.48233977E-02   9.81927067E-02  0.101427183      0.104569592      0.107654043      0.110706449      0.113745637    
   2.89306510E-02   3.55290957E-02   4.23455015E-02   4.93080541E-02   5.63996732E-02   6.35946319E-02   7.08226860E-02   7.79749826E-02   8.49322304E-02   8.83051157E-02   9.15945172E-02   9.79003757E-02  0.103831723      0.109407797      0.114673324      0.119686127      0.124506988      0.129192814      0.133792996      0.138347939      0.142889276      0.147440791    
   3.49827781E-02   4.30681147E-02   5.14828861E-02   6.01436906E-02   6.90280125E-02   7.81054571E-02   8.72974396E-02   9.64822471E-02  0.105524942      0.109955311      0.114309475      0.122759856      0.130846605      0.138581336      0.146005064      0.153175369      0.160155371      0.167006150      0.173782170      0.180529281      0.187284365      0.194076031    
   4.24222238E-02   5.24151362E-02   6.29219338E-02   7.38471225E-02   8.51577893E-02   9.68123898E-02  0.108717285      0.120731354      0.132697523      0.138617918      0.144477427      0.155974835      0.167143807      0.177984118      0.188529730      0.198835388      0.208964840      0.218982175      0.228946328      0.238908321      0.248910278      0.258985817    
   5.16471863E-02   6.41376898E-02   7.74443224E-02   9.14596990E-02  0.106131151      0.121391274      0.137114361      0.153122440      0.169220120      0.177246377      0.185232937      0.201033995      0.216553792      0.231776148      0.246726036      0.261454910      0.276027441      0.290511340      0.304970682      0.319462180      0.334033519      0.348723352    
   6.32353351E-02   7.90722668E-02   9.62087661E-02  0.114525639      0.133934423      0.154314235      0.175473258      0.197161227      0.219111979      0.230109841      0.241089001      0.262916565      0.284491062      0.305775911      0.326786727      0.347573459      0.368204325      0.388753235      0.409291416      0.429882437      0.450580239      0.471428424    
   7.80727044E-02   9.85107720E-02  0.120998070      0.145399064      0.171562299      0.199266970      0.228197157      0.257969946      0.288194418      0.303366423      0.318530083      0.348724812      0.378626525      0.408173770      0.437374681      0.466283113      0.494976968      0.523542166      0.552061558      0.580609024      0.609246373      0.638023198    
   9.75290015E-02  0.124461241      0.154569507      0.187679201      0.223524749      0.261708140      0.301695794      0.342876911      0.384652376      0.405599415      0.426515192      0.468097150      0.509178340      0.549668074      0.589571714      0.628955722      0.667917669      0.706564009      0.744996250      0.783303022      0.821556509      0.859812260    
  0.123496100      0.159730598      0.200773060      0.246336296      0.295930654      0.348837823      0.404147029      0.460867792      0.518070877      0.546608746      0.575001895      0.631137311      0.686182618      0.740032136      0.792713404      0.844332576      0.895031333      0.944956660      0.994242609       1.04300070       1.09131682       1.13925111    
  0.159228444      0.209091231      0.266070366      0.329570472      0.398623258      0.471896380      0.547811747      0.624762297      0.701338172      0.739138842      0.776479721      0.849524558      0.920166492      0.988366365       1.05425346       1.11804068       1.17996383       1.24024272       1.29906118       1.35655844       1.41282892       1.46792579    
  0.209328145      0.279266447      0.359440863      0.448498219      0.544453979      0.644810617      0.746860921      0.848093629      0.946531355      0.994273067       1.04088843       1.13054204       1.21538401       1.29563510       1.37168038       1.44394851       1.51283753       1.57867765       1.64171922       1.70213425       1.76002741       1.81544864    
  0.280865371      0.380259752      0.493610471      0.617808402      0.748823106      0.882140577       1.01343870       1.13924646       1.25731313       1.31307960       1.36660635       1.46704602       1.55914760       1.64370286       1.72155607       1.79347456       1.86009336       1.92190599       1.97927964       2.03248167       2.08170748       2.12710643    
  0.383843482      0.525305092      0.683642924      0.852042496       1.02290714       1.18900740       1.34463620       1.48628819       1.61264181       1.67014039       1.72403002       1.82174802       1.90746737       1.98285234       2.04936790       2.10821939       2.16036344       2.20655370       2.24738955       2.28336406       2.31489801       2.34236646    
  0.532281816      0.731041014      0.945356727       1.16193235       1.36852229       1.55599940       1.71940696       1.85768974       1.97252095       2.02207255       2.06694794       2.14435053       2.20784521       2.26004601       2.30303955       2.33845544       2.36756420       2.39136958       2.41067958       2.42616129       2.43837500       2.44779992    
  0.741946638       1.01006508       1.28067672       1.53264832       1.75179958       1.93212092       2.07434154       2.18321228       2.26495743       2.29757857       2.32561803       2.37029529       2.40298009       2.42667055       2.44357586       2.45531869       2.46309900       2.46781373       2.47014475       2.47061658       2.46963930       2.46753550    
   1.02494884       1.35986006       1.66424036       1.91564131       2.10806990       2.24681759       2.34222674       2.40524435       2.44523239       2.45891404       2.46935964       2.48277664       2.48904967       2.49059582       2.48903584       2.48545170       2.48056483       2.47485685       2.46865082       2.46216273       2.45553851       2.44887614    
   1.37922347       1.74904883       2.03744149       2.23973942       2.37037015       2.44861531       2.49148083       2.51168990       2.51797795       2.51777411       2.51604366       2.50948191       2.50050116       2.49042416       2.48002148       2.46972442       2.45975876       2.45022988       2.44117355       2.43258643       2.42444658       2.41672230    
   1.76439917       2.10281968       2.31849980       2.44140220       2.50391793       2.53006697       2.53540063       2.52940798       2.51769495       2.51076508       2.50348568       2.48857450       2.47391081       2.45995426       2.44688797       2.43474555       2.42348456       2.41302896       2.40329313       2.39419341       2.38565373       2.37760782    
   2.10718465       2.34914923       2.46964836       2.52096558       2.53571773       2.53184938       2.51895785       2.50217676       2.48423886       2.47531176       2.46655989       2.44982338       2.43430591       2.42006588       2.40704918       2.39515138       2.38425112       2.37422824       2.36497211       2.35638499       2.34838271       2.34089375    
   2.34244561       2.47308350       2.51923895       2.52709818       2.51787376       2.50126529       2.48190784       2.46210885       2.44301844       2.43392158       2.42517138       2.40876293       2.39380407       2.38020897       2.36785007       2.35658598       2.34627986       2.33680654       2.32805610       2.31993437       2.31236124       2.30526996    
   2.47372031       2.52296853       2.52582836       2.51131940       2.49055052       2.46805739       2.44584751       2.42484665       2.40545344       2.39640403       2.38778615       2.37180734       2.35739827       2.34440398       2.33266091       2.32201076       2.31230974       2.30343080       2.29526424       2.28771734       2.28071094       2.27417922    
   2.53485942       2.53516793       2.51416349       2.48749042       2.46039414       2.43470049       2.41104054       2.38958311       2.37029147       2.36141682       2.35302687       2.33760262       2.32381368       2.31145740       2.30034518       2.29030657       2.28119278       2.27287602       2.26524782       2.25821686       2.25170612       2.24565172    
   2.54066801       2.51357174       2.48075652       2.44914889       2.42039680       2.39467859       2.37180042       2.35149264       2.33348083       2.32525253       2.31750035       2.30330038       2.29064941       2.27933645       2.26917529       2.26000333       2.25168109       2.24408960       2.23712897       2.23071575       2.22477937       2.21926117    
   2.51474309       2.47503424       2.43835092       2.40635324       2.37864852       2.35454988       2.33346629       2.31493783       2.29860091       2.29115820       2.28415394       2.27133775       2.25992632       2.24972248       2.24055505       2.23227668       2.22476244       2.21790648       2.21161914       2.20582604       2.20046425       2.19548154    
   2.47813249       2.43432903       2.39750004       2.36672616       2.34071612       2.31843066       2.29912448       2.28226638       2.26746178       2.26073027       2.25440049       2.24282813       2.23252940       2.22332096       2.21504664       2.20757318       2.20078802       2.19459629       2.18891811       2.18368697       2.17884660       2.17434978    
   2.43575287       2.39215040       2.35718012       2.32865047       2.30487275       2.28467870       2.26728177       2.25214243       2.23887205       2.23284268       2.22717428       2.21681070       2.20758486       2.19933081       2.19190907       2.18520093       2.17910647       2.17354155       2.16843581       2.16372967       2.15937376       2.15532565    
   2.39344072       2.35221076       2.31992435       2.29391384       2.27240181       2.25422406       2.23861623       2.22506213       2.21319413       2.20780373       2.20273614       2.19347000       2.18521762       2.17783022       2.17118311       2.16517186       2.15970778       2.15471673       2.15013623       2.14591408       2.14200592       2.13837481    
   2.35305142       2.31510711       2.28577828       2.26231623       2.24299693       2.22672105       2.21277428       2.20067644       2.19008946       2.18528128       2.18076062       2.17249227       2.16512418       2.15852427       2.15258169       2.14720392       2.14231277       2.13784266       2.13373876       2.12995458       2.12645149       2.12319589    
   2.31565857       2.28126526       2.25486565       2.23382759       2.21654749       2.20201588       2.18957877       2.17879868       2.16936684       2.16508317       2.16105533       2.15368557       2.14711475       2.14122534       2.13591909       2.13111424       2.12674165       2.12274361       2.11907172       2.11568475       2.11254859       2.10963392    
   2.28163385       2.25072384       2.22708273       2.20827961       2.19285750       2.17990232       2.16882348       2.15922499       2.15082836       2.14701438       2.14342785       2.13686347       2.13100791       2.12575650       2.12102246       2.11673307       2.11282778       2.10925531       2.10597301       2.10294485       2.10013986       2.09753275    
