          51          22
   2.38444455E-11   3.97903481E-11   6.18539941E-11   9.10525474E-11   1.28403815E-10   1.74925907E-10   2.31637043E-10   2.99555492E-10   3.79699550E-10   4.24674407E-10   4.73087514E-10   5.80737514E-10   7.03667791E-10   8.42896419E-10   9.99441530E-10   1.17432120E-09   1.36855327E-09   1.58315572E-09   1.81914639E-09   2.07754303E-09   2.35936359E-09   2.66562528E-09
   4.01158551E-11   6.76471171E-11   1.05836312E-10   1.56457500E-10   2.21285171E-10   3.02094016E-10   4.00658756E-10   5.18753984E-10   6.58154309E-10   7.36398442E-10   8.20634283E-10   1.00796815E-09   1.22193011E-09   1.46429446E-09   1.73683512E-09   2.04132600E-09   2.37954079E-09   2.75325318E-09   3.16423665E-09   3.61426444E-09   4.10511003E-09   4.63854644E-09
   6.82399623E-11   1.15925193E-10   1.82189569E-10   2.70127254E-10   3.82832599E-10   5.23399935E-10   6.94923452E-10   9.00497177E-10   1.14321475E-09   1.27946931E-09   1.42616974E-09   1.75245540E-09   2.12516449E-09   2.54739008E-09   3.02222425E-09   3.55275898E-09   4.14208667E-09   4.79329865E-09   5.50948620E-09   6.29374020E-09   7.14915194E-09   8.07881140E-09
   1.16765833E-10   1.99385328E-10   3.14341275E-10   4.67020034E-10   6.62807864E-10   9.07090680E-10   1.20525379E-09   1.56268221E-09   1.98476013E-09   2.22172503E-09   2.47687137E-09   3.04439896E-09   3.69272546E-09   4.42723325E-09   5.25330313E-09   6.17631635E-09   7.20165305E-09   8.33469294E-09   9.58081525E-09   1.09453993E-08   1.24338220E-08   1.40514604E-08
   2.00150854E-10   3.42993800E-10   5.41920675E-10   8.06273992E-10   1.14539567E-09   1.56862645E-09   2.08530615E-09   2.70477307E-09   3.43636475E-09   3.84712484E-09   4.28941727E-09   5.27326538E-09   6.39724229E-09   7.67068098E-09   9.10291220E-09   1.07032667E-08   1.24810722E-08   1.44456580E-08   1.66063483E-08   1.89724698E-08   2.15533476E-08   2.43583020E-08
   3.50183771E-10   6.01631245E-10   9.52025569E-10   1.41784928E-09   2.01558259E-09   2.76170331E-09   3.67268727E-09   4.76500661E-09   6.05513195E-09   6.77951784E-09   7.55953078E-09   9.29466726E-09   1.12770033E-08   1.35229996E-08   1.60491123E-08   1.88717966E-08   2.20075034E-08   2.54726800E-08   2.92837772E-08   3.34572370E-08   3.80094995E-08   4.29570086E-08
   6.07891903E-10   1.04617637E-09   1.65718950E-09   2.46970244E-09   3.51248097E-09   4.81428630E-09   6.40387343E-09   8.30999269E-09   1.05613873E-08   1.18255441E-08   1.31867965E-08   1.62149547E-08   1.96745855E-08   2.35944135E-08   2.80031554E-08   3.29295204E-08   3.84022130E-08   4.44499371E-08   5.11013845E-08   5.83852469E-08   6.63302018E-08   7.49649374E-08
   1.07013587E-09   1.84389215E-09   2.92290303E-09   4.35800818E-09   6.20003604E-09   8.49980442E-09   1.13081180E-08   1.46757717E-08   1.86535445E-08   2.08870929E-08   2.32922091E-08   2.86425177E-08   3.47552174E-08   4.16810408E-08   4.94707102E-08   5.81749333E-08   6.78444039E-08   7.85298155E-08   9.02818371E-08   1.03151137E-07   1.17188364E-07   1.32444157E-07
   1.91129979E-09   3.29594285E-09   5.22721733E-09   7.79614862E-09   1.10937393E-08   1.52109649E-08   2.02387742E-08   2.62680917E-08   3.33898136E-08   3.73887232E-08   4.16948076E-08   5.12739149E-08   6.22179499E-08   7.46177022E-08   8.85639295E-08   1.04147368E-07   1.21458740E-07   1.40588710E-07   1.61627966E-07   1.84667115E-07   2.09796767E-07   2.37107528E-07
   3.49247786E-09   6.02591621E-09   9.55994217E-09   1.42611380E-08   2.02960262E-08   2.78310761E-08   3.70326880E-08   4.80672107E-08   6.11009199E-08   6.84194106E-08   7.63000259E-08   9.38306925E-08   1.13859009E-07   1.36551009E-07   1.62072638E-07   1.90589844E-07   2.22268454E-07   2.57274252E-07   2.95772992E-07   3.37930317E-07   3.83911868E-07   4.33883201E-07
   6.73902001E-09   1.16317223E-08   1.84572553E-08   2.75372880E-08   3.91933384E-08   5.37467706E-08   7.15188051E-08   9.28304829E-08   1.18002689E-07   1.32136734E-07   1.47356161E-07   1.81211448E-07   2.19888946E-07   2.63708927E-07   3.12991460E-07   3.68056448E-07   4.29223718E-07   4.96812902E-07   5.71143460E-07   6.52534652E-07   7.41305769E-07   8.37775701E-07
   1.45387098E-08   2.50995793E-08   3.98324786E-08   5.94312262E-08   8.45891677E-08   1.15999157E-07   1.54353543E-07   2.00344161E-07   2.54662297E-07   2.85160098E-07   3.17998769E-07   3.91043812E-07   4.74487166E-07   5.69018084E-07   6.75325282E-07   7.94097048E-07   9.26021073E-07   1.07178471E-06   1.23207451E-06   1.40757697E-06   1.59897786E-06   1.80696236E-06
   4.18892121E-08   7.23195086E-08   1.14764738E-07   1.71218687E-07   2.43672389E-07   3.34114105E-07   4.44529178E-07   5.76899993E-07   7.33205923E-07   8.20952266E-07   9.15423357E-07   1.12552584E-06   1.36548363E-06   1.63726463E-06   1.94283325E-06   2.28415183E-06   2.66317920E-06   3.08187168E-06   3.54218309E-06   4.04606408E-06   4.59546254E-06   5.19232435E-06
   4.52450840E-05   6.44117317E-05   8.67440467E-05   1.12149159E-04   1.40549091E-04   1.71872583E-04   2.06051656E-04   2.43023067E-04   2.82731344E-04   3.03597189E-04   3.25131172E-04   3.70188412E-04   4.17879637E-04   4.68190701E-04   5.21114969E-04   5.76651248E-04   6.34802389E-04   6.95573515E-04   7.58971088E-04   8.25002033E-04   8.93673277E-04   9.64991224E-04
   6.53691095E-05   9.30755050E-05   1.25359860E-04   1.62087803E-04   2.03146439E-04   2.48432596E-04   2.97847990E-04   3.51301045E-04   4.08711494E-04   4.38879593E-04   4.70013736E-04   5.35158382E-04   6.04111352E-04   6.76852185E-04   7.53370987E-04   8.33666127E-04   9.17741389E-04   1.00560416E-03   1.09726354E-03   1.19272969E-03   1.29201205E-03   1.39512005E-03
   9.45879074E-05   1.34664588E-04   1.81360781E-04   2.34481908E-04   2.93864607E-04   3.59359576E-04   4.30824555E-04   5.08127152E-04   5.91151242E-04   6.34778233E-04   6.79801858E-04   7.74007523E-04   8.73718935E-04   9.78906173E-04   1.08955498E-03   1.20566261E-03   1.32723444E-03   1.45428104E-03   1.58681534E-03   1.72485155E-03   1.86840352E-03   2.01748451E-03
   1.36630857E-04   1.94520137E-04   2.61969981E-04   3.38698941E-04   4.24470694E-04   5.19069436E-04   6.22289546E-04   7.33939640E-04   8.53852020E-04   9.16862336E-04   9.81889432E-04   1.11794833E-03   1.26195734E-03   1.41387293E-03   1.57367415E-03   1.74135680E-03   1.91692833E-03   2.10040342E-03   2.29180069E-03   2.49114051E-03   2.69844220E-03   2.91372463E-03
   1.97606918E-04   2.81327200E-04   3.78871628E-04   4.89832426E-04   6.13867363E-04   7.50663923E-04   8.99924664E-04   1.06137292E-03   1.23476610E-03   1.32587797E-03   1.41990546E-03   1.61664118E-03   1.82486954E-03   2.04452733E-03   2.27558380E-03   2.51803221E-03   2.77188327E-03   3.03715724E-03   3.31388135E-03   3.60208401E-03   3.90179409E-03   4.21303790E-03
   2.85537448E-04   4.06504318E-04   5.47440955E-04   7.07756844E-04   8.86956521E-04   1.08458824E-03   1.30022247E-03   1.53345976E-03   1.78394944E-03   1.91557163E-03   2.05140491E-03   2.33560940E-03   2.63641286E-03   2.95372354E-03   3.28749651E-03   3.63772176E-03   4.00441419E-03   4.38760454E-03   4.78733052E-03   5.20363497E-03   5.63655933E-03   6.08614367E-03
   4.12693626E-04   5.87516231E-04   7.91190367E-04   1.02286029E-03   1.28180906E-03   1.56738411E-03   1.87896553E-03   2.21597753E-03   2.57791509E-03   2.76809791E-03   2.96436506E-03   3.37501476E-03   3.80964787E-03   4.26813215E-03   4.75040358E-03   5.25644934E-03   5.78629179E-03   6.33997796E-03   6.91756606E-03   7.51912175E-03   8.14470928E-03   8.79439060E-03
   5.96565020E-04   8.49251112E-04   1.14362186E-03   1.47843722E-03   1.85266056E-03   2.26535136E-03   2.71561835E-03   3.20263463E-03   3.72567540E-03   4.00051428E-03   4.28414857E-03   4.87760594E-03   5.50573971E-03   6.16836362E-03   6.86539058E-03   7.59680942E-03   8.36266298E-03   9.16302670E-03   9.99800116E-03   1.08676944E-02   1.17722163E-02   1.27116758E-02
   8.62123037E-04   1.22723868E-03   1.65255542E-03   2.13627866E-03   2.67691491E-03   3.27311619E-03   3.92360985E-03   4.62721894E-03   5.38291316E-03   5.78002166E-03   6.18985295E-03   7.04740873E-03   7.95515161E-03   8.91283248E-03   9.92034934E-03   1.09777106E-02   1.20850103E-02   1.32423965E-02   1.44500500E-02   1.57081727E-02   1.70169715E-02   1.83766540E-02
   1.24593242E-03   1.77349558E-03   2.38799350E-03   3.08683701E-03   3.86788975E-03   4.72924113E-03   5.66909974E-03   6.68581529E-03   7.77795166E-03   8.35192855E-03   8.94434843E-03   1.01841465E-02   1.14967842E-02   1.28819626E-02   1.43396035E-02   1.58697963E-02   1.74727626E-02   1.91488042E-02   2.08982807E-02   2.27215774E-02   2.46190876E-02   2.65911948E-02
   1.80061755E-03   2.56287237E-03   3.45066283E-03   4.46028123E-03   5.58871729E-03   6.83332281E-03   8.19164421E-03   9.66144167E-03   1.12407850E-02   1.20710405E-02   1.29281431E-02   1.47224227E-02   1.66229624E-02   1.86294857E-02   2.07420420E-02   2.29609273E-02   2.52866168E-02   2.77197007E-02   3.02608255E-02   3.29106487E-02   3.56697924E-02   3.85388173E-02
   2.60238512E-03   3.70375649E-03   4.98644868E-03   6.44523790E-03   8.07600748E-03   9.87524819E-03   1.18397754E-02   1.39667299E-02   1.62536968E-02   1.74565800E-02   1.86988153E-02   2.13008430E-02   2.40591262E-02   2.69735400E-02   3.00443750E-02   3.32722142E-02   3.66578139E-02   4.02019918E-02   4.39055189E-02   4.77690361E-02   5.17929643E-02   5.59774674E-02
   3.75983957E-03   5.35064982E-03   7.20345462E-03   9.31113213E-03   1.16683869E-02   1.42709631E-02   1.71151478E-02   2.01976839E-02   2.35158764E-02   2.52626799E-02   2.70676948E-02   3.08518242E-02   3.48675884E-02   3.91148105E-02   4.35936227E-02   4.83042672E-02   5.32468669E-02   5.84212691E-02   6.38268664E-02   6.94624782E-02   7.53262267E-02   8.14155117E-02
   5.42969443E-03   7.72670005E-03   1.04027726E-02   1.34488083E-02   1.68587752E-02   2.06283797E-02   2.47540958E-02   2.92328000E-02   3.40617001E-02   3.66066955E-02   3.92383412E-02   4.47605029E-02   5.06260507E-02   5.68326600E-02   6.33775368E-02   7.02571273E-02   7.74668902E-02   8.50010663E-02   9.28525552E-02  0.101012811      0.109471805      0.118218049    
   7.84284249E-03   1.11614093E-02   1.50305135E-02   1.94398481E-02   2.43840627E-02   2.98602656E-02   3.58659700E-02   4.23979647E-02   4.94517498E-02   5.31724766E-02   5.70212305E-02   6.50984943E-02   7.36735761E-02   8.27342346E-02   9.22657773E-02  0.102250963      0.112669945      0.123500325      0.134717256      0.146293655      0.158200353      0.170406505    
   1.13403518E-02   1.61436461E-02   2.17522085E-02   2.81565394E-02   3.53537016E-02   4.33423184E-02   5.21183796E-02   6.16726987E-02   7.19896406E-02   7.74273351E-02   8.30467120E-02   9.48146284E-02  0.107257642      0.120334111      0.133997157      0.148195416      0.162873864      0.177974612      0.193437785      0.209202245      0.225206450      0.241389111    
   1.63800716E-02   2.33350936E-02   3.14756036E-02   4.07933295E-02   5.12833111E-02   6.29348978E-02   7.57248700E-02   8.96138698E-02  0.104545541      0.112380326      0.120447479      0.137233406      0.154805824      0.173059076      0.191882268      0.211162016      0.230785027      0.250640094      0.270619899      0.290622264      0.310551256      0.330317736    
   2.36978531E-02   3.38063017E-02   4.56702635E-02   5.92668019E-02   7.45569393E-02   9.14745554E-02  0.109920479      0.129762337      0.150838479      0.161782518      0.172964707      0.195942089      0.219564974      0.243628338      0.267934084      0.292295843      0.316542178      0.340518802      0.364089251      0.387134761      0.409553766      0.431260705    
   3.43176499E-02   4.90498915E-02   6.63578287E-02   8.61329213E-02  0.108201347      0.132324725      0.158209294      0.185520738      0.213901892      0.228380173      0.242990658      0.272436321      0.301912695      0.331127286      0.359826744      0.387798548      0.414869815      0.440904289      0.465798199      0.489475846      0.511885107      0.532993734    
   4.97989655E-02   7.12855980E-02   9.64026526E-02  0.124762617      0.155842304      0.189031914      0.223684877      0.259161830      0.294865310      0.312633127      0.330264807      0.364911646      0.398444831      0.430589110      0.461147636      0.489990979      0.517045021      0.542279065      0.565695286      0.587320387      0.607198954      0.625388622    
   7.23392665E-02  0.103420720      0.139135152      0.178430438      0.220116898      0.263018250      0.306075066      0.348400027      0.389296860      0.409043610      0.428255916      0.464935809      0.499137670      0.530776858      0.559854805      0.586434007      0.610616982      0.632530391      0.652312934      0.670107901      0.686057925      0.700302124    
  0.104873665      0.148773164      0.197491169      0.248829216      0.300742358      0.351578325      0.400145739      0.445675373      0.487739146      0.507409871      0.526165605      0.560966074      0.592275441      0.620305479      0.645309389      0.667555809      0.687311292      0.704828978      0.720342636      0.734063923      0.746182859      0.756868422    
  0.150423780      0.209494814      0.271524668      0.333080441      0.391687006      0.445886195      0.495022684      0.538972080      0.577921987      0.595629036      0.612226546      0.642317832      0.668651998      0.691676855      0.711811543      0.729435742      0.744884431      0.758447468      0.770372272      0.780868232      0.790111482      0.798250377    
  0.211369812      0.285725206      0.358306110      0.425334305      0.485078454      0.537247896      0.582318604      0.621067822      0.654329062      0.669150412      0.682888448      0.707450032      0.728628397      0.746951580      0.762866914      0.776748121      0.788904130      0.799587548      0.809003413      0.817318022      0.824665964      0.831157088    
  0.288141698      0.374319166      0.451567203      0.517712951      0.573101699      0.619164050      0.657534063      0.689672828      0.716775596      0.728743315      0.739791274      0.759470344      0.776408315      0.791080117      0.803864598      0.815063715      0.824917734      0.833617151      0.841313064      0.848125815      0.854152024      0.859470248    
  0.376084089      0.466560543      0.541209280      0.601215482      0.649228096      0.687925935      0.719508231      0.745636344      0.767529845      0.777177989      0.786083102      0.801960051      0.815661490      0.827570140      0.837981999      0.847127140      0.855185747      0.862299263      0.868579686      0.874116600      0.878982663      0.883238018    
  0.468245000      0.554947555      0.621906519      0.673460662      0.713571310      0.745310664      0.770906150      0.791928113      0.809476912      0.817201316      0.824329913      0.837045074      0.848030686      0.857590914      0.865956306      0.873303711      0.879770398      0.885463893      0.890469551      0.894856095      0.898679793      0.901987731    
  0.556419849      0.633855164      0.690977216      0.733692646      0.766254604      0.791643500      0.811915159      0.828471899      0.842267096      0.848341644      0.853952944      0.863982141      0.872675359      0.880265117      0.886923671      0.892781556      0.897939026      0.902474821      0.906451404      0.909919500      0.912921071      0.915491939    
  0.636270404      0.702311695      0.749228120      0.783323169      0.808748662      0.828276575      0.843747854      0.856370628      0.866932034      0.871607959      0.875945926      0.883752465      0.890582323      0.896596789      0.901912570      0.906616867      0.910776436      0.914444089      0.917662144      0.920465529      0.922883749      0.924942434    
  0.704962075      0.758677542      0.795483053      0.821523905      0.840605319      0.855147600      0.866688848      0.876193762      0.884260356      0.887875974      0.891258121      0.897417784      0.902887702      0.907767117      0.912126124      0.916016877      0.919479966      0.922548056      0.925248444      0.927604258      0.929635823      0.931361258    
  0.759357810      0.800903141      0.828636825      0.847998321      0.862145245      0.873002052      0.881750941      0.889106750      0.895492613      0.898403525      0.901155055      0.906237662      0.910826206      0.914975166      0.918722034      0.922095180      0.925117850      0.927810013      0.930189192      0.932271361      0.934071124      0.935602009    
  0.800503254      0.831508338      0.852001131      0.866331160      0.876906633      0.885167181      0.891983926      0.897869587      0.903113425      0.905546904      0.907871664      0.912225842      0.916218519      0.919873655      0.923206985      0.926231503      0.928959191      0.931401789      0.933570981      0.935477972      0.937133908      0.938549459    
  0.831027806      0.853763640      0.868840814      0.879500329      0.887501478      0.893900216      0.899333119      0.904165030      0.908588707      0.910678685      0.912695944      0.916524410      0.920086145      0.923383772      0.926418066      0.929191172      0.931707561      0.933973432      0.935996354      0.937784553      0.939346790      0.940691650    
  0.852809548      0.869376063      0.880560577      0.888637960      0.894850791      0.899965286      0.904447138      0.908555567      0.912415981      0.914269745      0.916075468      0.919541538      0.922805846      0.925856471      0.928684294      0.931284547      0.933656633      0.935803473      0.937730014      0.939442873      0.940949202      0.942256391    
  0.868121207      0.880279243      0.888743699      0.895035684      0.900016963      0.904247224      0.908073068      0.911681116      0.915150464      0.916839778      0.918497920      0.921710730      0.924766421      0.927643657      0.930326641      0.932806075      0.935078323      0.937144160      0.939007223      0.940673053      0.942147970      0.943438947    
  0.878814101      0.887904286      0.894495547      0.899560571      0.903693438      0.907311976      0.910681725      0.913939953      0.917134583      0.918708026      0.920261860      0.923295140      0.926202595      0.928956389      0.931536376      0.933930278      0.936132491      0.938142657      0.939963698      0.941600561      0.943059385      0.944346726    
  0.886287868      0.893269062      0.898574173      0.902793229      0.906337559      0.909528852      0.912577808      0.915588617      0.918587863      0.920078576      0.921557903      0.924462557      0.927263498      0.929928601      0.932434559      0.934767365      0.936920285      0.938892126      0.940685570      0.942305565      0.943758070      0.945049644    
  0.891541362      0.897077084      0.901495337      0.905125976      0.908257127      0.911145866      0.913966119      0.916799426      0.919657886      0.921088874      0.922514200      0.925325632      0.928049266      0.930649936      0.933102429      0.935391247      0.937509120      0.939454615      0.941230237      0.942840993      0.944293141      0.945593297    
