          51          22
   8.86058398E-14   1.51235578E-13   2.38038322E-13   3.52942475E-13   4.99868647E-13   6.82729481E-13   9.05428727E-13   1.17185927E-12   1.48590233E-12   1.66198815E-12   1.85142678E-12   2.27228978E-12   2.75233807E-12   3.29540930E-12   3.90533396E-12   4.58593710E-12   5.34104011E-12   6.17446112E-12   7.09001651E-12   8.09152138E-12   9.18279168E-12   1.03676399E-11
   1.84961028E-13   3.15698016E-13   4.96895168E-13   7.36752835E-13   1.04345514E-12   1.42516955E-12   1.89004498E-12   2.44620773E-12   3.10175973E-12   3.46933138E-12   3.86477699E-12   4.74331121E-12   5.74539201E-12   6.87903033E-12   8.15222282E-12   9.57295441E-12   1.11492005E-11   1.28889321E-11   1.48001160E-11   1.68907163E-11   1.91686979E-11   2.16420198E-11
   3.86308065E-13   6.59364219E-13   1.03781100E-12   1.53877583E-12   2.17935153E-12   2.97659727E-12   3.94753197E-12   5.10912927E-12   6.47830964E-12   7.24601672E-12   8.07194069E-12   9.90684011E-12   1.19997779E-11   1.43674855E-11   1.70266648E-11   1.99939926E-11   2.32861265E-11   2.69197165E-11   3.09113984E-11   3.52778085E-11   4.00355790E-11   4.52013427E-11
   8.08465491E-13   1.37991734E-12   2.17193082E-12   3.22034998E-12   4.56094711E-12   6.22942279E-12   8.26139504E-12   1.06923853E-11   1.35578068E-11   1.51644634E-11   1.68929575E-11   2.07330351E-11   2.51131338E-11   3.00682743E-11   3.56334059E-11   4.18434280E-11   4.87332050E-11   5.63375804E-11   6.46913773E-11   7.38294009E-11   8.37864639E-11   9.45973647E-11
   1.68739274E-12   2.88010132E-12   4.53315640E-12   6.72136955E-12   9.51940349E-12   1.30017707E-11   1.72428131E-11   2.23166659E-11   2.82972448E-11   3.16505884E-11   3.52582234E-11   4.32730587E-11   5.24150064E-11   6.27571467E-11   7.43724388E-11   8.73337166E-11   1.01713755E-10   1.17585261E-10   1.35020925E-10   1.54093405E-10   1.74875323E-10   1.97439357E-10
   3.52810077E-12   6.02188698E-12   9.47819254E-12   1.40534381E-11   1.99037332E-11   2.71848741E-11   3.60522966E-11   4.66610119E-11   5.91655613E-11   6.61769320E-11   7.37199884E-11   9.04778821E-11   1.09592412E-10   1.31216385E-10   1.55502319E-10   1.82602530E-10   2.12669160E-10   2.45854254E-10   2.82309759E-10   3.22187610E-10   3.65639713E-10   4.12817919E-10
   7.37038642E-12   1.25800360E-11   1.98004373E-11   2.93583664E-11   4.15799374E-11   5.67906243E-11   7.53151361E-11   9.74772971E-11   1.23599950E-10   1.38247067E-10   1.54004906E-10   1.89013027E-10   2.28944280E-10   2.74117867E-10   3.24852478E-10   3.81466220E-10   4.44277004E-10   5.13602383E-10   5.89759852E-10   6.73066769E-10   7.63840435E-10   8.62398153E-10
   1.54016591E-11   2.62880984E-11   4.13763433E-11   6.13492382E-11   8.68882744E-11   1.18673557E-10   1.57383634E-10   2.03695213E-10   2.58282895E-10   2.88890523E-10   3.21819182E-10   3.94974525E-10   4.78417583E-10   5.72815406E-10   6.78833878E-10   7.97137856E-10   9.28391530E-10   1.07325859E-09   1.23240240E-09   1.40648615E-09   1.59617297E-09   1.80212589E-09
   3.21661899E-11   5.49023917E-11   8.64140218E-11   1.28127189E-10   1.81465176E-10   2.47848408E-10   3.28693989E-10   4.25415175E-10   5.39420952E-10   6.03344597E-10   6.72115807E-10   8.24899926E-10   9.99169858E-10   1.19631871E-09   1.41773704E-09   1.66481351E-09   1.93893523E-09   2.24148833E-09   2.57385846E-09   2.93743030E-09   3.33358896E-09   3.76371911E-09
   6.72106398E-11   1.14717513E-10   1.80560469E-10   2.67719374E-10   3.79168114E-10   5.17874632E-10   6.86800006E-10   8.88897178E-10   1.12711018E-09   1.26067756E-09   1.40437362E-09   1.72361336E-09   2.08774709E-09   2.49968579E-09   2.96233549E-09   3.47859719E-09   4.05136946E-09   4.68354822E-09   5.37802913E-09   6.13770545E-09   6.96547131E-09   7.86422039E-09
   1.40468956E-10   2.39757408E-10   3.77367998E-10   5.59528479E-10   7.92454324E-10   1.08234843E-09   1.43539935E-09   1.85777893E-09   2.35563968E-09   2.63479305E-09   2.93511526E-09   3.60232044E-09   4.36335323E-09   5.22429788E-09   6.19122664E-09   7.27020399E-09   8.46728732E-09   9.78852910E-09   1.12399805E-08   1.28276891E-08   1.45577035E-08   1.64360703E-08
   2.93436747E-10   5.00848363E-10   7.88314136E-10   1.16884391E-09   1.65542147E-09   2.26100472E-09   2.99852143E-09   3.88086407E-09   4.92088592E-09   5.50403190E-09   6.13139939E-09   7.52517781E-09   9.11496123E-09   1.09134577E-08   1.29333531E-08   1.51873145E-08   1.76879968E-08   2.04480433E-08   2.34800943E-08   2.67967852E-08   3.04107459E-08   3.43346152E-08
   6.12975171E-10   1.04624809E-09   1.64675051E-09   2.44165932E-09   3.45809714E-09   4.72313255E-09   6.26377084E-09   8.10694356E-09   1.02795017E-08   1.14976668E-08   1.28082078E-08   1.57197473E-08   1.90407281E-08   2.27977033E-08   2.70171672E-08   3.17255839E-08   3.69493911E-08   4.27149942E-08   4.90487970E-08   5.59771998E-08   6.35265849E-08   7.17233419E-08
   1.27851629E-09   2.18221818E-09   3.43472029E-09   5.09270714E-09   7.21275084E-09   9.85130821E-09   1.30647084E-08   1.69091230E-08   2.14405542E-08   2.39813520E-08   2.67148241E-08   3.27875895E-08   3.97143545E-08   4.75504898E-08   5.63512650E-08   6.61718786E-08   7.70674546E-08   8.90930920E-08   1.02303851E-07   1.16754784E-07   1.32500929E-07   1.49597341E-07
   2.67378475E-09   4.56371474E-09   7.18309856E-09   1.06504823E-08   1.50841757E-08   2.06022523E-08   2.73225105E-08   3.53624223E-08   4.48391084E-08   5.01527389E-08   5.58693110E-08   6.85694204E-08   8.30555109E-08   9.94433833E-08   1.17848629E-07   1.38386653E-07   1.61172778E-07   1.86322183E-07   2.13950059E-07   2.44171531E-07   2.77101663E-07   3.12855605E-07
   5.59220314E-09   9.54498436E-09   1.50234172E-08   2.22754437E-08   3.15485096E-08   4.30895639E-08   5.71449803E-08   7.39604573E-08   9.37809475E-08   1.04894404E-07   1.16850607E-07   1.43412876E-07   1.73710504E-07   2.07985678E-07   2.46480141E-07   2.89435320E-07   3.37092303E-07   3.89692076E-07   4.47475458E-07   5.10683265E-07   5.79556229E-07   6.54334997E-07
   1.16693686E-08   1.99177332E-08   3.13497210E-08   4.64827252E-08   6.58330990E-08   8.99161634E-08   1.19246025E-07   1.54335396E-07   1.95695407E-07   2.18886186E-07   2.43835558E-07   2.99263775E-07   3.62486617E-07   4.34009507E-07   5.14336818E-07   6.03972239E-07   7.03418948E-07   8.13179724E-07   9.33757121E-07   1.06565358E-06   1.20937136E-06   1.36541269E-06
   2.44101290E-08   4.16641974E-08   6.55778578E-08   9.72333964E-08   1.37710956E-07   1.88088492E-07   2.49441456E-07   3.22842283E-07   4.09360183E-07   4.57871181E-07   5.10060829E-07   6.26006795E-07   7.58257613E-07   9.07870287E-07   1.07589995E-06   1.26340024E-06   1.47142350E-06   1.70102135E-06   1.95324515E-06   2.22914537E-06   2.52977293E-06   2.85617830E-06
   5.09716536E-08   8.70006005E-08   1.36935796E-07   2.03037274E-07   2.87560539E-07   3.92756533E-07   5.20870913E-07   6.74143166E-07   8.54805648E-07   9.56103918E-07   1.06508378E-06   1.30719604E-06   1.58335456E-06   1.89576667E-06   2.24663518E-06   2.63815991E-06   3.07253799E-06   3.55196516E-06   4.07863627E-06   4.65474523E-06   5.28248529E-06   5.96405062E-06
   1.06491370E-07   1.81764378E-07   2.86091080E-07   4.24193303E-07   6.00783494E-07   8.20564367E-07   1.08822769E-06   1.40845202E-06   1.78590119E-06   1.99753845E-06   2.22522408E-06   2.73105479E-06   3.30801504E-06   3.96071528E-06   4.69375664E-06   5.51173434E-06   6.41923816E-06   7.42085467E-06   8.52116773E-06   9.72475937E-06   1.10362107E-05   1.24601047E-05
   2.22563102E-07   3.79882039E-07   5.97923190E-07   8.86555540E-07   1.25562804E-06   1.71496959E-06   2.27438545E-06   2.94365350E-06   3.73251964E-06   4.17483898E-06   4.65069843E-06   5.70787415E-06   6.91370269E-06   8.27781787E-06   9.80983350E-06   1.15193488E-05   1.34159554E-05   1.55092330E-05   1.78087575E-05   2.03241034E-05   2.30648420E-05   2.60405432E-05
   4.64927240E-07   7.93564595E-07   1.24905205E-06   1.85200645E-06   2.62300296E-06   3.58257421E-06   4.75120260E-06   6.14931059E-06   7.79725542E-06   8.72125929E-06   9.71532518E-06   1.19237420E-05   1.44426722E-05   1.72922282E-05   2.04924872E-05   2.40634890E-05   2.80252552E-05   3.23977874E-05   3.72010800E-05   4.24551108E-05   4.81798561E-05   5.43952920E-05
   9.71376608E-07   1.65801089E-06   2.60968341E-06   3.86947249E-06   5.48036815E-06   7.48526872E-06   9.92696459E-06   1.28481188E-05   1.62912493E-05   1.82218027E-05   2.02987285E-05   2.49127843E-05   3.01755190E-05   3.61289276E-05   4.28149142E-05   5.02753137E-05   5.85519119E-05   6.76864511E-05   7.77206442E-05   8.86961716E-05   1.00654725E-04   1.13637951E-04
   2.02978731E-06   3.46460456E-06   5.45327248E-06   8.08581535E-06   1.14520681E-05   1.56416681E-05   2.07440171E-05   2.68482290E-05   3.40431034E-05   3.80771999E-05   4.24171158E-05   5.20584181E-05   6.30548893E-05   7.54941648E-05   8.94636614E-05   1.05050662E-04   1.22342302E-04   1.41425611E-04   1.62387543E-04   1.85315002E-04   2.10294806E-04   2.37413740E-04
   4.24260679E-06   7.24170195E-06   1.13985170E-05   1.69012364E-05   2.39376350E-05   3.26950430E-05   4.33602545E-05   5.61194138E-05   7.11579414E-05   7.95896995E-05   8.86604976E-05   1.08811037E-04   1.31792840E-04   1.57788614E-04   1.86980586E-04   2.19550580E-04   2.55680090E-04   2.95550301E-04   3.39342194E-04   3.87236534E-04   4.39413823E-04   4.96054476E-04
   8.86335511E-06   1.51290806E-05   2.38136417E-05   3.53102077E-05   5.00110400E-05   6.83073595E-05   9.05890920E-05   1.17244614E-04   1.48660547E-04   1.66273981E-04   1.85221681E-04   2.27311059E-04   2.75310071E-04   3.29598726E-04   3.90555710E-04   4.58558701E-04   5.33984392E-04   6.17208658E-04   7.08606734E-04   8.08553072E-04   9.17421537E-04   1.03558518E-03
   1.85043700E-05   3.15862017E-05   4.97184628E-05   7.37219889E-05   1.04415471E-04   1.42614983E-04   1.89133294E-04   2.44779134E-04   3.10356700E-04   3.47119872E-04   3.86665371E-04   4.74500062E-04   5.74651232E-04   6.87905645E-04   8.15046486E-04   9.56854026E-04   1.11410581E-03   1.28757686E-03   1.47803989E-03   1.68626546E-03   1.91302190E-03   2.15907535E-03
   3.86553984E-05   6.59848884E-05   1.03865881E-04   1.54012683E-04   2.18134082E-04   2.97931692E-04   3.95097799E-04   5.11313323E-04   6.48246321E-04   7.24999525E-04   8.07551609E-04   9.90871107E-04   1.19983451E-03   1.43606053E-03   1.70115789E-03   1.99672626E-03   2.32435693E-03   2.68563372E-03   3.08213243E-03   3.51542188E-03   3.98706319E-03   4.49861074E-03
   8.09195481E-05   1.38134215E-04   2.17438952E-04   3.22419452E-04   4.56645532E-04   6.23665459E-04   8.26998847E-04   1.07013073E-03   1.35650754E-03   1.51697895E-03   1.68953615E-03   2.07258435E-03   2.50898418E-03   3.00203357E-03   3.55500053E-03   4.17112419E-03   4.85361647E-03   5.60566457E-03   6.43042894E-03   7.33104534E-03   8.31062254E-03   9.37224366E-03
   1.68953455E-04   2.88422161E-04   4.54011897E-04   6.73193543E-04   9.53388226E-04   1.30194763E-03   1.72613212E-03   2.23309197E-03   2.82985740E-03   3.16408044E-03   3.52333533E-03   4.32031276E-03   5.22746332E-03   6.25135517E-03   7.39845866E-03   8.67514871E-03   1.00877117E-02   1.16423415E-02   1.33451400E-02   1.52021190E-02   1.72191914E-02   1.94021668E-02
   3.53432784E-04   6.03359891E-04   9.49733716E-04   1.40810793E-03   1.99386990E-03   2.72217463E-03   3.60787427E-03   4.66546323E-03   5.90904802E-03   6.60488894E-03   7.35233957E-03   9.00866371E-03   1.08909756E-02   1.30118839E-02   1.53836561E-02   1.80182345E-02   2.09272243E-02   2.41218973E-02   2.76131760E-02   3.14116143E-02   3.55273820E-02   3.99702564E-02
   7.38814240E-04   1.26122613E-03   1.98502745E-03   2.94240238E-03   4.16495139E-03   5.68346493E-03   7.52769876E-03   9.72620398E-03   1.23062348E-02   1.37474788E-02   1.52937286E-02   1.87133234E-02   2.25884002E-02   2.69411113E-02   3.17923836E-02   3.71619053E-02   4.30680886E-02   4.95280214E-02   5.65573759E-02   6.41703680E-02   7.23796636E-02   8.11963305E-02
   1.54508906E-03   2.63723684E-03   4.14940808E-03   6.14749687E-03   8.69524572E-03   1.18534500E-02   1.56792123E-02   2.02254113E-02   2.55404096E-02   2.85000689E-02   3.16679887E-02   3.86473686E-02   4.65132482E-02   5.52957766E-02   6.50204793E-02   7.57080987E-02   8.73743966E-02  0.100029975      0.113680147      0.128324792      0.143958390      0.160570011    
   3.22964927E-03   5.51031623E-03   8.66358820E-03   1.28211481E-02   1.81063544E-02   2.46314257E-02   3.24949697E-02   4.17803340E-02   5.25548086E-02   5.85170425E-02   6.48694113E-02   7.87589028E-02   9.42417756E-02  0.111320123      0.129979521      0.150188997      0.171901315      0.195053726      0.219569176      0.245358020      0.272320241      0.300347805    
   6.75289892E-03   1.15104839E-02   1.80683639E-02   2.66756974E-02   3.75484079E-02   5.08593693E-02   6.67308718E-02   8.52305666E-02  0.106370673      0.117919810      0.130109191      0.156352282      0.184957266      0.215736538      0.248462781      0.282876074      0.318692774      0.355615973      0.393346399      0.431593388      0.470084548      0.508573294    
   1.41113624E-02   2.39993669E-02   3.75380516E-02   5.51327877E-02   7.70559385E-02  0.103418261      0.134155214      0.169030815      0.207656056      0.228218049      0.249516428      0.294003993      0.340451628      0.388168037      0.436472028      0.484724551      0.532355905      0.578885972      0.623935938      0.667231560      0.708598256      0.747951210    
   2.93982513E-02   4.97359410E-02   7.71635473E-02  0.112034842      0.154217526      0.203067213      0.257487297      0.316061348      0.377220273      0.408277273      0.439403564      0.501187325      0.561368763      0.619008720      0.673440278      0.724252403      0.771258235      0.814454079      0.853976667      0.890061438      0.923006475      0.953141630    
   6.08325601E-02  0.101671167      0.154901639      0.219448328      0.292923391      0.372016251      0.453108758      0.532888055      0.608760834      0.644660175      0.679003119      0.742701352      0.799583375      0.849825799      0.893885016      0.932369113      0.965948641      0.995298505       1.02106273       1.04383385       1.06414342       1.08245814    
  0.123516843      0.200751334      0.294243991      0.397386372      0.502541542      0.602984250      0.694119215      0.773702919      0.841366887      0.870951712      0.897912085      0.944696784      0.983228564       1.01494479       1.04111886       1.06283724       1.08101034       1.09639370       1.10961223       1.12118077       1.13152242       1.14098322    
  0.241035432      0.369508803      0.504617631      0.632147908      0.743327260      0.835052848      0.908071637      0.964986801       1.00888836       1.02687371       1.04264688       1.06865406       1.08879638       1.10452414       1.11694407       1.12690318       1.13505578       1.14191306       1.14787817       1.15327108       1.15834630       1.16330528    
  0.431113869      0.599781990      0.744484544      0.858004868      0.942783773       1.00450504       1.04888487       1.08062804       1.10330462       1.11208916       1.11952209       1.13115108       1.13952720       1.14560795       1.15008831       1.15348208       1.15617657       1.15846944       1.16059315       1.16273034       1.16502500       1.16758955    
  0.675074875      0.838404596      0.951800764       1.02751565       1.07755339       1.11050332       1.13205588       1.14595747       1.15470731       1.15770197       1.15999579       1.16297829       1.16445327       1.16497922       1.16495395       1.16466749       1.16433585       1.16412425       1.16416085       1.16454542       1.16535580       1.16665101    
  0.914091229       1.03036392       1.09735835       1.13611984       1.15865731       1.17149794       1.17830575       1.18127167       1.18178833       1.18142962       1.18077850       1.17886829       1.17648816       1.17393720       1.17142689       1.16911030       1.16710091       1.16548514       1.16433048       1.16368914       1.16360116       1.16409636    
   1.08311319       1.14417493       1.17377317       1.18822205       1.19485927       1.19708097       1.19661212       1.19445515       1.19126701       1.18943584       1.18750858       1.18351018       1.17950881       1.17567360       1.17212570       1.16895354       1.16622281       1.16398418       1.16227722       1.16113269       1.16057432       1.16061890    
   1.17406535       1.19764352       1.20632529       1.20869613       1.20804822       1.20568657       1.20221889       1.19802594       1.19340539       1.19101369       1.18860388       1.18382037       1.17920840       1.17488229       1.17092586       1.16740012       1.16435122       1.16181409       1.15981638       1.15837979       1.15752065       1.15725052    
   1.21638715       1.22106588       1.21998882       1.21690083       1.21299732       1.20859659       1.20380127       1.19871354       1.19346893       1.19083440       1.18821585       1.18309140       1.17820966       1.17365801       1.16950142       1.16578698       1.16254973       1.15981650       1.15760791       1.15594053       1.15482700       1.15427613    
   1.23152173       1.22802520       1.22301066       1.21785200       1.21279001       1.20771646       1.20252264       1.19719625       1.19180608       1.18912041       1.18646038       1.18127131       1.17633641       1.17173207       1.16751480       1.16372538       1.16039324       1.15754056       1.15518403       1.15333724       1.15201056       1.15121150    
   1.23501384       1.22853899       1.22215688       1.21630526       1.21087527       1.20560944       1.20032489       1.19496667       1.18957710       1.18689811       1.18424666       1.17907572       1.17415357       1.16955078       1.16531861       1.16149354       1.15810120       1.15515995       1.15268350       1.15068269       1.14916611       1.14814007    
   1.23349297       1.22618818       1.21948254       1.21350360       1.20803797       1.20278764       1.19754922       1.19225395       1.18693364       1.18428898       1.18167067       1.17655969       1.17168546       1.16711438       1.16289461       1.15905881       1.15562940       1.15262115       1.15004492       1.14790881       1.14621949       1.14498186    
   1.23013711       1.22279060       1.21612883       1.21021533       1.20482421       1.19965661       1.19450724       1.18930399       1.18407404       1.18147266       1.17889547       1.17385912       1.16904652       1.16452098       1.16032767       1.15649617       1.15304542       1.14998710       1.14732862       1.14507556       1.14323211       1.14180171    
   1.22620320       1.21904683       1.21253204       1.20673716       1.20145106       1.19638407       1.19133520       1.18623137       1.18109739       1.17854166       1.17600822       1.17105186       1.16630697       1.16183460       1.15767694       1.15386081       1.15040159       1.14730775       1.14458358       1.14223170       1.14025366       1.13865125    
